x y z |F|^2 Fx Fy Fz
-17.80426667 -0.07093333333 -0.1418666667 7.590148375e-09 8.29585208e-05 -2.109230366e-05 -1.622180408e-05
-17.73333333 -0.07093333333 -0.1418666667 3.497467069e-10 1.23158465e-08 -1.272341517e-05 -1.370624899e-05
-17.6624 -0.07093333333 -0.1418666667 7.588865109e-09 -8.294508695e-05 -2.109687614e-05 -1.624498315e-05
17.6624 -0.07093333333 -0.1418666667 7.588865109e-09 8.294508695e-05 -2.109687614e-05 -1.624498315e-05
17.73333333 -0.07093333333 -0.1418666667 3.497467069e-10 -1.23158465e-08 -1.272341517e-05 -1.370624899e-05
17.80426667 -0.07093333333 -0.1418666667 7.590148375e-09 -8.29585208e-05 -2.109230366e-05 -1.622180408e-05
-17.80426667 0 -0.1418666667 7.79224332e-09 8.747473458e-05 -3.103272545e-21 -1.184964687e-05
-17.73333333 0 -0.1418666667 9.968730053e-11 1.173484156e-08 -2.563885588e-21 -9.984345889e-06
-17.6624 0 -0.1418666667 7.790774678e-09 -8.746308776e-05 -5.747720022e-21 -1.187362445e-05
17.6624 0 -0.1418666667 7.790774678e-09 8.746308776e-05 5.803499178e-21 -1.187362445e-05
17.73333333 0 -0.1418666667 9.968730053e-11 -1.173484156e-08 4.751325439e-21 -9.984345889e-06
17.80426667 0 -0.1418666667 7.79224332e-09 -8.747473458e-05 7.219632386e-21 -1.184964687e-05
-17.80426667 0.07093333333 -0.1418666667 7.590148375e-09 8.29585208e-05 2.109230366e-05 -1.622180408e-05
-17.73333333 0.07093333333 -0.1418666667 3.497467069e-10 1.23158465e-08 1.272341517e-05 -1.370624899e-05
-17.6624 0.07093333333 -0.1418666667 7.588865109e-09 -8.294508695e-05 2.109687614e-05 -1.624498315e-05
17.6624 0.07093333333 -0.1418666667 7.588865109e-09 8.294508695e-05 2.109687614e-05 -1.624498315e-05
17.73333333 0.07093333333 -0.1418666667 3.497467069e-10 -1.23158465e-08 1.272341517e-05 -1.370624899e-05
17.80426667 0.07093333333 -0.1418666667 7.590148375e-09 -8.29585208e-05 2.109230366e-05 -1.622180408e-05
-17.80426667 -0.1418666667 -0.07093333333 7.036829394e-09 8.053694613e-05 -2.006461222e-05 -1.216721164e-05
-17.73333333 -0.1418666667 -0.07093333333 5.229571027e-11 7.648759545e-09 -4.771384586e-06 -5.434109025e-06
-17.6624 -0.1418666667 -0.07093333333 7.035991061e-09 -8.052823054e-05 -2.006834684e-05 -1.218427683e-05
17.6624 -0.1418666667 -0.07093333333 7.035991061e-09 8.052823054e-05 -2.006834684e-05 -1.218427683e-05
17.73333333 -0.1418666667 -0.07093333333 5.229571027e-11 -7.648759545e-09 -4.771384586e-06 -5.434109025e-06
17.80426667 -0.1418666667 -0.07093333333 7.036829394e-09 -8.053694613e-05 -2.006461222e-05 -1.216721164e-05
-17.8752 -0.07093333333 -0.07093333333 1.081577101e-08 8.87275188e-05 -4.695311489e-05 -2.717725924e-05
-17.80426667 -0.07093333333 -0.07093333333 8.078683103e-10 1.271646593e-05 1.49363948e-05 2.056851757e-05
-17.73333333 -0.07093333333 -0.07093333333 3.779601463e-10 4.183373319e-09 9.577262855e-06 1.691851545e-05
-17.6624 -0.07093333333 -0.07093333333 8.074704979e-10 -1.27110281e-05 1.493548266e-05 2.056286995e-05
-17.59146667 -0.07093333333 -0.07093333333 1.081581942e-08 -8.871848258e-05 -4.695853985e-05 -2.719826848e-05
17.59146667 -0.07093333333 -0.07093333333 1.081581942e-08 8.871848258e-05 -4.695853985e-05 -2.719826848e-05
17.6624 -0.07093333333 -0.07093333333 8.074704979e-10 1.27110281e-05 1.493548266e-05 2.056286995e-05
17.73333333 -0.07093333333 -0.07093333333 3.779601463e-10 -4.183373319e-09 9.577262855e-06 1.691851545e-05
17.80426667 -0.07093333333 -0.07093333333 8.078683103e-10 -1.271646593e-05 1.49363948e-05 2.056851757e-05
17.8752 -0.07093333333 -0.07093333333 1.081577101e-08 -8.87275188e-05 -4.695311489e-05 -2.717725924e-05
-17.8752 0 -0.07093333333 1.059088446e-08 9.912452593e-05 8.634871374e-21 -2.766248038e-05
-17.80426667 0 -0.07093333333 1.054479022e-09 1.964440942e-05 1.713714362e-21 2.58568405e-05
-17.73333333 0 -0.07093333333 4.16849266e-10 4.016780224e-09 2.200337285e-21 2.041688639e-05
-17.6624 0 -0.07093333333 1.054050926e-09 -1.963980902e-05 3.34938284e-21 2.585205654e-05
-17.59146667 0 -0.07093333333 1.059009711e-08 -9.911492279e-05 -2.733875444e-21 -2.768265146e-05
17.59146667 0 -0.07093333333 1.059009711e-08 9.911492279e-05 -2.944762981e-22 -2.768265146e-05
17.6624 0 -0.07093333333 1.054050926e-09 1.963980902e-05 -4.096198393e-21 2.585205654e-05
17.73333333 0 -0.07093333333 4.16849266e-10 -4.016780224e-09 4.999479622e-21 2.041688639e-05
17.80426667 0 -0.07093333333 1.054479022e-09 -1.964440942e-05 -1.670243093e-20 2.58568405e-05
17.8752 0 -0.07093333333 1.059088446e-08 -9.912452593e-05 9.826905677e-22 -2.766248038e-05
-17.8752 0.07093333333 -0.07093333333 1.081577101e-08 8.87275188e-05 4.695311489e-05 -2.717725924e-05
-17.80426667 0.07093333333 -0.07093333333 8.078683103e-10 1.271646593e-05 -1.49363948e-05 2.056851757e-05
-17.73333333 0.07093333333 -0.07093333333 3.779601463e-10 4.183373319e-09 -9.577262855e-06 1.691851545e-05
-17.6624 0.07093333333 -0.07093333333 8.074704979e-10 -1.27110281e-05 -1.493548266e-05 2.056286995e-05
-17.59146667 0.07093333333 -0.07093333333 1.081581942e-08 -8.871848258e-05 4.695853985e-05 -2.719826848e-05
17.59146667 0.07093333333 -0.07093333333 1.081581942e-08 8.871848258e-05 4.695853985e-05 -2.719826848e-05
17.6624 0.07093333333 -0.07093333333 8.074704979e-10 1.27110281e-05 -1.493548266e-05 2.056286995e-05
17.73333333 0.07093333333 -0.07093333333 3.779601463e-10 -4.183373319e-09 -9.577262855e-06 1.691851545e-05
17.80426667 0.07093333333 -0.07093333333 8.078683103e-10 -1.271646593e-05 -1.49363948e-05 2.056851757e-05
17.8752 0.07093333333 -0.07093333333 1.081577101e-08 -8.87275188e-05 4.695311489e-05 -2.717725924e-05
-17.80426667 0.1418666667 -0.07093333333 7.036829394e-09 8.053694613e-05 2.006461222e-05 -1.216721164e-05
-17.73333333 0.1418666667 -0.07093333333 5.229571027e-11 7.648759545e-09 4.771384586e-06 -5.434109025e-06
-17.6624 0.1418666667 -0.07093333333 7.035991061e-09 -8.052823054e-05 2.006834684e-05 -1.218427683e-05
17.6624 0.1418666667 -0.07093333333 7.035991061e-09 8.052823054e-05 2.006834684e-05 -1.218427683e-05
17.73333333 0.1418666667 -0.07093333333 5.229571027e-11 -7.648759545e-09 4.771384586e-06 -5.434109025e-06
17.80426667 0.1418666667 -0.07093333333 7.036829394e-09 -8.053694613e-05 2.006461222e-05 -1.216721164e-05
-17.80426667 -0.1418666667 0 9.992999059e-09 9.798867551e-05 -1.741764826e-05 9.372516194e-06
-17.73333333 -0.1418666667 0 1.802517226e-10 -1.304431664e-09 2.555832479e-06 1.318026711e-05
-17.6624 -0.1418666667 0 9.993653532e-09 -9.799300507e-05 -1.74173403e-05 9.362731755e-06
17.6624 -0.1418666667 0 9.993653532e-09 9.799300507e-05 -1.74173403e-05 9.362731755e-06
17.73333333 -0.1418666667 0 1.802517226e-10 1.304431664e-09 2.555832479e-06 1.318026711e-05
17.80426667 -0.1418666667 0 9.992999059e-09 -9.798867551e-05 -1.741764826e-05 9.372516194e-06
-17.8752 -0.07093333333 0 1.533756947e-08 0.0001103117076 -5.524513126e-05 1.081074024e-05
-17.80426667 -0.07093333333 0 1.614997494e-09 2.742474972e-05 2.38651349e-05 1.712705267e-05
-17.73333333 -0.07093333333 0 5.815374404e-10 -1.030886145e-09 1.538948497e-05 1.856613023e-05
-17.6624 -0.07093333333 0 1.614810323e-09 -2.742531131e-05 2.386522861e-05 1.71205574e-05
-17.59146667 -0.07093333333 0 1.533778002e-08 -0.0001103133919 -5.524610855e-05 1.079829084e-05
17.59146667 -0.07093333333 0 1.533778002e-08 0.0001103133919 -5.524610855e-05 1.079829084e-05
17.6624 -0.07093333333 0 1.614810323e-09 2.742531131e-05 2.386522861e-05 1.71205574e-05
17.73333333 -0.07093333333 0 5.815374404e-10 1.030886145e-09 1.538948497e-05 1.856613023e-05
17.80426667 -0.07093333333 0 1.614997494e-09 -2.742474972e-05 2.38651349e-05 1.712705267e-05
17.8752 -0.07093333333 0 1.533756947e-08 -0.0001103117076 -5.524513126e-05 1.081074024e-05
-17.8752 0 0 1.558606515e-08 0.000124439313 -1.093959573e-20 1.004602003e-05
-17.80426667 0 0 1.853936094e-09 3.848394459e-05 -2.207200955e-20 1.931119113e-05
-17.73333333 0 0 4.214140807e-10 -1.104713992e-09 7.324698461e-22 2.052837255e-05
-17.6624 0 0 1.853735319e-09 -3.848461248e-05 3.624320329e-21 1.930466062e-05
-17.59146667 0 0 1.558628457e-08 -0.0001244411444 -5.72825765e-21 1.003424888e-05
17.59146667 0 0 1.558628457e-08 0.0001244411444 1.101142831e-20 1.003424888e-05
17.6624 0 0 1.853735319e-09 3.848461248e-05 -2.022291162e-20 1.930466062e-05
17.73333333 0 0 4.214140807e-10 1.104713992e-09 2.697270541e-20 2.052837255e-05
17.80426667 0 0 1.853936094e-09 -3.848394459e-05 -2.774032902e-20 1.931119113e-05
17.8752 0 0 1.558606515e-08 -0.000124439313 5.29395592e-21 1.004602003e-05
-17.8752 0.07093333333 0 1.533756947e-08 0.0001103117076 5.524513126e-05 1.081074024e-05
-17.80426667 0.07093333333 0 1.614997494e-09 2.742474972e-05 -2.38651349e-05 1.712705267e-05
-17.73333333 0.07093333333 0 5.815374404e-10 -1.030886145e-09 -1.538948497e-05 1.856613023e-05
-17.6624 0.07093333333 0 1.614810323e-09 -2.742531131e-05 -2.386522861e-05 1.71205574e-05
-17.59146667 0.07093333333 0 1.533778002e-08 -0.0001103133919 5.524610855e-05 1.079829084e-05
17.59146667 0.07093333333 0 1.533778002e-08 0.0001103133919 5.524610855e-05 1.079829084e-05
17.6624 0.07093333333 0 1.614810323e-09 2.742531131e-05 -2.386522861e-05 1.71205574e-05
17.73333333 0.07093333333 0 5.815374404e-10 1.030886145e-09 -1.538948497e-05 1.856613023e-05
17.80426667 0.07093333333 0 1.614997494e-09 -2.742474972e-05 -2.38651349e-05 1.712705267e-05
17.8752 0.07093333333 0 1.533756947e-08 -0.0001103117076 5.524513126e-05 1.081074024e-05
-17.80426667 0.1418666667 0 9.992999059e-09 9.798867551e-05 1.741764826e-05 9.372516194e-06
-17.73333333 0.1418666667 0 1.802517226e-10 -1.304431664e-09 -2.555832479e-06 1.318026711e-05
-17.6624 0.1418666667 0 9.993653532e-09 -9.799300507e-05 1.74173403e-05 9.362731755e-06
17.6624 0.1418666667 0 9.993653532e-09 9.799300507e-05 1.74173403e-05 9.362731755e-06
17.73333333 0.1418666667 0 1.802517226e-10 1.304431664e-09 -2.555832479e-06 1.318026711e-05
17.80426667 0.1418666667 0 9.992999059e-09 -9.798867551e-05 1.741764826e-05 9.372516194e-06
-17.80426667 -0.1418666667 0.07093333333 1.557539271e-08 0.0001162654754 -2.231286928e-05 3.949516194e-05
-17.73333333 -0.1418666667 0.07093333333 1.024153065e-09 -3.131002008e-09 3.152121952e-07 3.2000839e-05
-17.6624 -0.1418666667 0.07093333333 1.557701937e-08 -0.0001162719693 -2.23112315e-05 3.949756283e-05
17.6624 -0.1418666667 0.07093333333 1.557701937e-08 0.0001162719693 -2.23112315e-05 3.949756283e-05
17.73333333 -0.1418666667 0.07093333333 1.024153065e-09 3.131002008e-09 3.152121952e-07 3.2000839e-05
17.80426667 -0.1418666667 0.07093333333 1.557539271e-08 -0.0001162654754 -2.231286928e-05 3.949516194e-05
-17.8752 -0.07093333333 0.07093333333 2.911522414e-08 0.0001395961261 -6.107048808e-05 7.680196091e-05
-17.80426667 -0.07093333333 0.07093333333 1.202329752e-09 2.533755041e-05 2.363819384e-05 -1.25462469e-06
-17.73333333 -0.07093333333 0.07093333333 3.307005676e-10 -4.158440275e-09 1.646531243e-05 7.719717406e-06
-17.6624 -0.07093333333 0.07093333333 1.202606201e-09 -2.534331638e-05 2.363781304e-05 -1.25551232e-06
-17.59146667 -0.07093333333 0.07093333333 2.911612372e-08 -0.0001395999153 -6.106879037e-05 7.680228e-05
17.59146667 -0.07093333333 0.07093333333 2.911612372e-08 0.0001395999153 -6.106879037e-05 7.680228e-05
17.6624 -0.07093333333 0.07093333333 1.202606201e-09 2.534331638e-05 2.363781304e-05 -1.25551232e-06
17.73333333 -0.07093333333 0.07093333333 3.307005676e-10 4.158440275e-09 1.646531243e-05 7.719717406e-06
17.80426667 -0.07093333333 0.07093333333 1.202329752e-09 -2.533755041e-05 2.363819384e-05 -1.25462469e-06
17.8752 -0.07093333333 0.07093333333 2.911522414e-08 -0.0001395961261 -6.107048808e-05 7.680196091e-05
-17.8752 0 0.07093333333 3.148911353e-08 0.0001589307041 -3.053213306e-22 7.893126651e-05
-17.80426667 0 0.07093333333 1.245307705e-09 3.474840245e-05 -1.310200776e-21 -6.152741895e-06
-17.73333333 0 0.07093333333 4.103763977e-11 -4.378692717e-09 -1.126994528e-20 6.406061239e-06
-17.6624 0 0.07093333333 1.245726761e-09 -3.475424367e-05 -1.38952671e-21 -6.153804358e-06
-17.59146667 0 0.07093333333 3.149046975e-08 -0.0001589343442 -1.211886341e-20 7.893252799e-05
17.59146667 0 0.07093333333 3.149046975e-08 0.0001589343442 1.027027449e-20 7.893252799e-05
17.6624 0 0.07093333333 1.245726761e-09 3.475424367e-05 4.235164736e-21 -6.153804358e-06
17.73333333 0 0.07093333333 4.103763977e-11 4.378692717e-09 1.016439537e-20 6.406061239e-06
17.80426667 0 0.07093333333 1.245307705e-09 -3.474840245e-05 -1.694065895e-21 -6.152741895e-06
17.8752 0 0.07093333333 3.148911353e-08 -0.0001589307041 0 7.893126651e-05
-17.8752 0.07093333333 0.07093333333 2.911522414e-08 0.0001395961261 6.107048808e-05 7.680196091e-05
-17.80426667 0.07093333333 0.07093333333 1.202329752e-09 2.533755041e-05 -2.363819384e-05 -1.25462469e-06
-17.73333333 0.07093333333 0.07093333333 3.307005676e-10 -4.158440275e-09 -1.646531243e-05 7.719717406e-06
-17.6624 0.07093333333 0.07093333333 1.202606201e-09 -2.534331638e-05 -2.363781304e-05 -1.25551232e-06
-17.59146667 0.07093333333 0.07093333333 2.911612372e-08 -0.0001395999153 6.106879037e-05 7.680228e-05
17.59146667 0.07093333333 0.07093333333 2.911612372e-08 0.0001395999153 6.106879037e-05 7.680228e-05
17.6624 0.07093333333 0.07093333333 1.202606201e-09 2.534331638e-05 -2.363781304e-05 -1.25551232e-06
17.73333333 0.07093333333 0.07093333333 3.307005676e-10 4.158440275e-09 -1.646531243e-05 7.719717406e-06
17.80426667 0.07093333333 0.07093333333 1.202329752e-09 -2.533755041e-05 -2.363819384e-05 -1.25462469e-06
17.8752 0.07093333333 0.07093333333 2.911522414e-08 -0.0001395961261 6.107048808e-05 7.680196091e-05
-17.80426667 0.1418666667 0.07093333333 1.557539271e-08 0.0001162654754 2.231286928e-05 3.949516194e-05
-17.73333333 0.1418666667 0.07093333333 1.024153065e-09 -3.131002008e-09 -3.152121952e-07 3.2000839e-05
-17.6624 0.1418666667 0.07093333333 1.557701937e-08 -0.0001162719693 2.23112315e-05 3.949756283e-05
17.6624 0.1418666667 0.07093333333 1.557701937e-08 0.0001162719693 2.23112315e-05 3.949756283e-05
17.73333333 0.1418666667 0.07093333333 1.024153065e-09 3.131002008e-09 -3.152121952e-07 3.2000839e-05
17.80426667 0.1418666667 0.07093333333 1.557539271e-08 -0.0001162654754 2.231286928e-05 3.949516194e-05
-17.80426667 -0.07093333333 0.1418666667 2.476909859e-08 0.0001488449886 -3.108183284e-05 4.059787708e-05
-17.73333333 -0.07093333333 0.1418666667 9.426448324e-10 2.355708236e-10 -1.393552304e-05 2.735774168e-05
-17.6624 -0.07093333333 0.1418666667 2.477119948e-08 -0.0001488483701 -3.108102307e-05 4.06119713e-05
17.6624 -0.07093333333 0.1418666667 2.477119948e-08 0.0001488483701 -3.108102307e-05 4.06119713e-05
17.73333333 -0.07093333333 0.1418666667 9.426448324e-10 -2.355708237e-10 -1.393552304e-05 2.735774168e-05
17.80426667 -0.07093333333 0.1418666667 2.476909859e-08 -0.0001488449886 -3.108183284e-05 4.059787708e-05
-17.80426667 0 0.1418666667 2.805507387e-08 0.0001637644432 2.26228869e-21 3.516078804e-05
-17.73333333 0 0.1418666667 5.440632234e-10 1.43444013e-10 6.827402666e-21 2.332516288e-05
-17.6624 0 0.1418666667 2.805735107e-08 -0.0001637682913 -7.452729601e-21 3.517524473e-05
17.6624 0 0.1418666667 2.805735107e-08 0.0001637682913 5.929230631e-21 3.517524473e-05
17.73333333 0 0.1418666667 5.440632234e-10 -1.43444013e-10 -6.776263578e-21 2.332516288e-05
17.80426667 0 0.1418666667 2.805507387e-08 -0.0001637644432 0 3.516078804e-05
-17.80426667 0.07093333333 0.1418666667 2.476909859e-08 0.0001488449886 3.108183284e-05 4.059787708e-05
-17.73333333 0.07093333333 0.1418666667 9.426448324e-10 2.355708237e-10 1.393552304e-05 2.735774168e-05
-17.6624 0.07093333333 0.1418666667 2.477119948e-08 -0.0001488483701 3.108102307e-05 4.06119713e-05
17.6624 0.07093333333 0.1418666667 2.477119948e-08 0.0001488483701 3.108102307e-05 4.06119713e-05
17.73333333 0.07093333333 0.1418666667 9.426448324e-10 -2.355708237e-10 1.393552304e-05 2.735774168e-05
17.80426667 0.07093333333 0.1418666667 2.476909859e-08 -0.0001488449886 3.108183284e-05 4.059787708e-05
