x y z |F|^2 Fx Fy Fz
-17.80426667 -0.07093333333 -0.1418666667 7.551148152e-09 -2.109020561e-05 8.271496407e-05 -1.626610276e-05
-17.73333333 -0.07093333333 -0.1418666667 7.732167791e-09 -9.930191963e-09 8.713252608e-05 -1.183598711e-05
-17.6624 -0.07093333333 -0.1418666667 7.534973798e-09 2.10607314e-05 8.26502064e-05 -1.613576068e-05
17.6624 -0.07093333333 -0.1418666667 7.534973798e-09 -2.10607314e-05 8.26502064e-05 -1.613576068e-05
17.73333333 -0.07093333333 -0.1418666667 7.732167791e-09 9.930191963e-09 8.713252608e-05 -1.183598711e-05
17.80426667 -0.07093333333 -0.1418666667 7.551148152e-09 2.109020561e-05 8.271496407e-05 -1.626610276e-05
-17.80426667 0 -0.1418666667 3.540730201e-10 -1.277308858e-05 2.090553595e-22 -1.38174248e-05
-17.73333333 0 -0.1418666667 1.003423701e-10 -1.226556884e-08 -9.212336331e-22 -1.001709637e-05
-17.6624 0 -0.1418666667 3.480335527e-10 1.272427402e-05 -6.947464115e-21 -1.364281508e-05
17.6624 0 -0.1418666667 3.480335527e-10 -1.272427402e-05 -2.283018491e-21 -1.364281508e-05
17.73333333 0 -0.1418666667 1.003423701e-10 1.226556884e-08 -1.034968382e-20 -1.001709637e-05
17.80426667 0 -0.1418666667 3.540730201e-10 1.277308858e-05 -2.051407919e-21 -1.38174248e-05
-17.80426667 0.07093333333 -0.1418666667 7.551148152e-09 -2.109020561e-05 -8.271496407e-05 -1.626610276e-05
-17.73333333 0.07093333333 -0.1418666667 7.732167791e-09 -9.930191963e-09 -8.713252608e-05 -1.183598711e-05
-17.6624 0.07093333333 -0.1418666667 7.534973798e-09 2.10607314e-05 -8.26502064e-05 -1.613576068e-05
17.6624 0.07093333333 -0.1418666667 7.534973798e-09 -2.10607314e-05 -8.26502064e-05 -1.613576068e-05
17.73333333 0.07093333333 -0.1418666667 7.732167791e-09 9.930191963e-09 -8.713252608e-05 -1.183598711e-05
17.80426667 0.07093333333 -0.1418666667 7.551148152e-09 2.109020561e-05 -8.271496407e-05 -1.626610276e-05
-17.80426667 -0.1418666667 -0.07093333333 1.071803447e-08 -4.675770768e-05 8.831657307e-05 -2.705428189e-05
-17.73333333 -0.1418666667 -0.07093333333 1.049781344e-08 3.4200224e-08 9.870640052e-05 -2.747469322e-05
-17.6624 -0.1418666667 -0.07093333333 1.076104115e-08 4.695899978e-05 8.847863399e-05 -2.697081414e-05
17.6624 -0.1418666667 -0.07093333333 1.076104115e-08 -4.695899978e-05 8.847863399e-05 -2.697081414e-05
17.73333333 -0.1418666667 -0.07093333333 1.049781344e-08 -3.4200224e-08 9.870640052e-05 -2.747469322e-05
17.80426667 -0.1418666667 -0.07093333333 1.071803447e-08 4.675770768e-05 8.831657307e-05 -2.705428189e-05
-17.8752 -0.07093333333 -0.07093333333 6.987868549e-09 -2.004902768e-05 8.023084477e-05 -1.220313835e-05
-17.80426667 -0.07093333333 -0.07093333333 7.994113295e-10 1.487864857e-05 1.262720164e-05 2.045949474e-05
-17.73333333 -0.07093333333 -0.07093333333 1.048070305e-09 6.554190094e-08 1.954318004e-05 2.580949677e-05
-17.6624 -0.07093333333 -0.07093333333 8.042649125e-10 -1.480204333e-05 1.266617788e-05 2.060903597e-05
-17.59146667 -0.07093333333 -0.07093333333 7.024064542e-09 2.015239853e-05 8.045333338e-05 -1.205016693e-05
17.59146667 -0.07093333333 -0.07093333333 7.024064542e-09 -2.015239853e-05 8.045333338e-05 -1.205016693e-05
17.6624 -0.07093333333 -0.07093333333 8.042649125e-10 1.480204333e-05 1.266617788e-05 2.060903597e-05
17.73333333 -0.07093333333 -0.07093333333 1.048070305e-09 -6.554190094e-08 1.954318004e-05 2.580949677e-05
17.80426667 -0.07093333333 -0.07093333333 7.994113295e-10 -1.487864857e-05 1.262720164e-05 2.045949474e-05
17.8752 -0.07093333333 -0.07093333333 6.987868549e-09 2.004902768e-05 8.023084477e-05 -1.220313835e-05
-17.8752 0 -0.07093333333 5.40041007e-11 -4.838819131e-06 -6.317834266e-21 -5.530816406e-06
-17.80426667 0 -0.07093333333 3.742052655e-10 9.542264968e-06 1.212762454e-20 1.682707475e-05
-17.73333333 0 -0.07093333333 4.161256267e-10 7.119953674e-08 -1.128775915e-20 2.039903325e-05
-17.6624 0 -0.07093333333 3.775454775e-10 -9.447176805e-06 1.335614769e-20 1.697929115e-05
-17.59146667 0 -0.07093333333 5.201164102e-11 4.896442323e-06 -1.67902183e-20 -5.294949821e-06
17.59146667 0 -0.07093333333 5.201164102e-11 -4.896442323e-06 -1.635832379e-20 -5.294949821e-06
17.6624 0 -0.07093333333 3.775454775e-10 9.447176805e-06 -1.083937475e-20 1.697929115e-05
17.73333333 0 -0.07093333333 4.161256267e-10 -7.119953674e-08 2.639037026e-20 2.039903325e-05
17.80426667 0 -0.07093333333 3.742052655e-10 -9.542264968e-06 2.644330982e-20 1.682707475e-05
17.8752 0 -0.07093333333 5.40041007e-11 4.838819131e-06 -4.473392753e-21 -5.530816406e-06
-17.8752 0.07093333333 -0.07093333333 6.987868549e-09 -2.004902768e-05 -8.023084477e-05 -1.220313835e-05
-17.80426667 0.07093333333 -0.07093333333 7.994113295e-10 1.487864857e-05 -1.262720164e-05 2.045949474e-05
-17.73333333 0.07093333333 -0.07093333333 1.048070305e-09 6.554190094e-08 -1.954318004e-05 2.580949677e-05
-17.6624 0.07093333333 -0.07093333333 8.042649125e-10 -1.480204333e-05 -1.266617788e-05 2.060903597e-05
-17.59146667 0.07093333333 -0.07093333333 7.024064542e-09 2.015239853e-05 -8.045333338e-05 -1.205016693e-05
17.59146667 0.07093333333 -0.07093333333 7.024064542e-09 -2.015239853e-05 -8.045333338e-05 -1.205016693e-05
17.6624 0.07093333333 -0.07093333333 8.042649125e-10 1.480204333e-05 -1.266617788e-05 2.060903597e-05
17.73333333 0.07093333333 -0.07093333333 1.048070305e-09 -6.554190094e-08 -1.954318004e-05 2.580949677e-05
17.80426667 0.07093333333 -0.07093333333 7.994113295e-10 -1.487864857e-05 -1.262720164e-05 2.045949474e-05
17.8752 0.07093333333 -0.07093333333 6.987868549e-09 2.004902768e-05 -8.023084477e-05 -1.220313835e-05
-17.80426667 0.1418666667 -0.07093333333 1.071803447e-08 -4.675770768e-05 -8.831657307e-05 -2.705428189e-05
-17.73333333 0.1418666667 -0.07093333333 1.049781344e-08 3.4200224e-08 -9.870640052e-05 -2.747469322e-05
-17.6624 0.1418666667 -0.07093333333 1.076104115e-08 4.695899978e-05 -8.847863399e-05 -2.697081414e-05
17.6624 0.1418666667 -0.07093333333 1.076104115e-08 -4.695899978e-05 -8.847863399e-05 -2.697081414e-05
17.73333333 0.1418666667 -0.07093333333 1.049781344e-08 -3.4200224e-08 -9.870640052e-05 -2.747469322e-05
17.80426667 0.1418666667 -0.07093333333 1.071803447e-08 4.675770768e-05 -8.831657307e-05 -2.705428189e-05
-17.80426667 -0.1418666667 0 1.519506397e-08 -5.495714758e-05 0.0001098093058 1.080241914e-05
-17.73333333 -0.1418666667 0 1.549894097e-08 7.041507282e-08 0.0001240861291 1.007812389e-05
-17.6624 -0.1418666667 0 1.533570388e-08 5.534122818e-05 0.000110248483 1.087769905e-05
17.6624 -0.1418666667 0 1.533570388e-08 -5.534122818e-05 0.000110248483 1.087769905e-05
17.73333333 -0.1418666667 0 1.549894097e-08 -7.041507282e-08 0.0001240861291 1.007812389e-05
17.80426667 -0.1418666667 0 1.519506397e-08 5.495714758e-05 0.0001098093058 1.080241914e-05
-17.8752 -0.07093333333 0 9.896424884e-09 -1.733612017e-05 9.751334522e-05 9.329058155e-06
-17.80426667 -0.07093333333 0 1.608603287e-09 2.385797364e-05 2.730244186e-05 1.714575893e-05
-17.73333333 -0.07093333333 0 1.848538365e-09 1.377299549e-07 3.837005081e-05 1.939738633e-05
-17.6624 -0.07093333333 0 1.608979181e-09 -2.369564853e-05 2.738551653e-05 1.724902623e-05
-17.59146667 -0.07093333333 0 1.002078914e-08 1.754206208e-05 9.810053435e-05 9.452531865e-06
17.59146667 -0.07093333333 0 1.002078914e-08 -1.754206208e-05 9.810053435e-05 9.452531865e-06
17.6624 -0.07093333333 0 1.608979181e-09 2.369564853e-05 2.738551653e-05 1.724902623e-05
17.73333333 -0.07093333333 0 1.848538365e-09 -1.377299549e-07 3.837005081e-05 1.939738633e-05
17.80426667 -0.07093333333 0 1.608603287e-09 -2.385797364e-05 2.730244186e-05 1.714575893e-05
17.8752 -0.07093333333 0 9.896424884e-09 1.733612017e-05 9.751334522e-05 9.329058155e-06
-17.8752 0 0 1.790550447e-10 2.562651461e-06 -1.251686633e-20 1.313346345e-05
-17.80426667 0 0 5.834966387e-10 1.542251766e-05 1.747217742e-20 1.859146546e-05
-17.73333333 0 0 4.252883247e-10 1.438401685e-07 1.88238277e-20 2.06220182e-05
-17.6624 0 0 5.811442582e-10 -1.521549807e-05 -4.383983939e-20 1.869847258e-05
-17.59146667 0 0 1.827922702e-10 -2.395362196e-06 2.23797996e-21 1.330618315e-05
17.59146667 0 0 1.827922702e-10 2.395362196e-06 -1.588186776e-22 1.330618315e-05
17.6624 0 0 5.811442582e-10 1.521549807e-05 5.166900978e-20 1.869847258e-05
17.73333333 0 0 4.252883247e-10 -1.438401685e-07 1.079967008e-20 2.06220182e-05
17.80426667 0 0 5.834966387e-10 -1.542251766e-05 -9.95263713e-21 1.859146546e-05
17.8752 0 0 1.790550447e-10 -2.562651461e-06 2.752857079e-21 1.313346345e-05
-17.8752 0.07093333333 0 9.896424884e-09 -1.733612017e-05 -9.751334522e-05 9.329058155e-06
-17.80426667 0.07093333333 0 1.608603287e-09 2.385797364e-05 -2.730244186e-05 1.714575893e-05
-17.73333333 0.07093333333 0 1.848538365e-09 1.377299549e-07 -3.837005081e-05 1.939738633e-05
-17.6624 0.07093333333 0 1.608979181e-09 -2.369564853e-05 -2.738551653e-05 1.724902623e-05
-17.59146667 0.07093333333 0 1.002078914e-08 1.754206208e-05 -9.810053435e-05 9.452531865e-06
17.59146667 0.07093333333 0 1.002078914e-08 -1.754206208e-05 -9.810053435e-05 9.452531865e-06
17.6624 0.07093333333 0 1.608979181e-09 2.369564853e-05 -2.738551653e-05 1.724902623e-05
17.73333333 0.07093333333 0 1.848538365e-09 -1.377299549e-07 -3.837005081e-05 1.939738633e-05
17.80426667 0.07093333333 0 1.608603287e-09 -2.385797364e-05 -2.730244186e-05 1.714575893e-05
17.8752 0.07093333333 0 9.896424884e-09 1.733612017e-05 -9.751334522e-05 9.329058155e-06
-17.80426667 0.1418666667 0 1.519506397e-08 -5.495714758e-05 -0.0001098093058 1.080241914e-05
-17.73333333 0.1418666667 0 1.549894097e-08 7.041507282e-08 -0.0001240861291 1.007812389e-05
-17.6624 0.1418666667 0 1.533570388e-08 5.534122818e-05 -0.000110248483 1.087769905e-05
17.6624 0.1418666667 0 1.533570388e-08 -5.534122818e-05 -0.000110248483 1.087769905e-05
17.73333333 0.1418666667 0 1.549894097e-08 -7.041507282e-08 -0.0001240861291 1.007812389e-05
17.80426667 0.1418666667 0 1.519506397e-08 5.495714758e-05 -0.0001098093058 1.080241914e-05
-17.80426667 -0.1418666667 0.07093333333 2.896684565e-08 -6.074499642e-05 0.0001392432842 7.673460023e-05
-17.73333333 -0.1418666667 0.07093333333 3.14648307e-08 1.080324598e-07 0.0001588289271 7.89822192e-05
-17.6624 -0.1418666667 0.07093333333 2.92184556e-08 6.125082954e-05 0.0001398019135 7.695593841e-05
17.6624 -0.1418666667 0.07093333333 2.92184556e-08 -6.125082954e-05 0.0001398019135 7.695593841e-05
17.73333333 -0.1418666667 0.07093333333 3.14648307e-08 -1.080324598e-07 0.0001588289271 7.89822192e-05
17.80426667 -0.1418666667 0.07093333333 2.896684565e-08 6.074499642e-05 0.0001392432842 7.673460023e-05
-17.8752 -0.07093333333 0.07093333333 1.545704483e-08 -2.215059655e-05 0.0001158127193 3.94183961e-05
-17.80426667 -0.07093333333 0.07093333333 1.201635636e-09 2.371171391e-05 2.526155174e-05 -1.115465441e-06
-17.73333333 -0.07093333333 0.07093333333 1.239798471e-09 1.68970395e-07 3.469725821e-05 -5.989172931e-06
-17.6624 -0.07093333333 0.07093333333 1.195715286e-09 -2.348838569e-05 2.535263184e-05 -1.120304324e-06
-17.59146667 -0.07093333333 0.07093333333 1.566455594e-08 2.245345397e-05 0.0001165699811 3.964641025e-05
17.59146667 -0.07093333333 0.07093333333 1.566455594e-08 -2.245345397e-05 0.0001165699811 3.964641025e-05
17.6624 -0.07093333333 0.07093333333 1.195715286e-09 2.348838569e-05 2.535263184e-05 -1.120304324e-06
17.73333333 -0.07093333333 0.07093333333 1.239798471e-09 -1.68970395e-07 3.469725821e-05 -5.989172931e-06
17.80426667 -0.07093333333 0.07093333333 1.201635636e-09 -2.371171391e-05 2.526155174e-05 -1.115465441e-06
17.8752 -0.07093333333 0.07093333333 1.545704483e-08 2.215059655e-05 0.0001158127193 3.94183961e-05
-17.8752 0 0.07093333333 1.023097948e-09 4.169689604e-07 -1.026492528e-20 3.198318441e-05
-17.80426667 0 0.07093333333 3.361114068e-10 1.656789647e-05 2.690236881e-20 7.849599569e-06
-17.73333333 0 0.07093333333 4.318759644e-11 1.786177043e-07 -1.858309027e-20 6.569299214e-06
-17.6624 0 0.07093333333 3.275675606e-10 -1.629774163e-05 -3.501684906e-20 7.870907078e-06
-17.59146667 0 0.07093333333 1.034739147e-09 -1.601843932e-07 5.873240035e-21 3.216696268e-05
17.59146667 0 0.07093333333 1.034739147e-09 1.601843932e-07 1.058791184e-20 3.216696268e-05
17.6624 0 0.07093333333 3.275675606e-10 1.629774163e-05 2.202285663e-20 7.870907078e-06
17.73333333 0 0.07093333333 4.318759644e-11 -1.786177043e-07 -4.235164736e-21 6.569299214e-06
17.80426667 0 0.07093333333 3.361114068e-10 -1.656789647e-05 -1.694065895e-21 7.849599569e-06
17.8752 0 0.07093333333 1.023097948e-09 -4.169689604e-07 -1.778769189e-20 3.198318441e-05
-17.8752 0.07093333333 0.07093333333 1.545704483e-08 -2.215059655e-05 -0.0001158127193 3.94183961e-05
-17.80426667 0.07093333333 0.07093333333 1.201635636e-09 2.371171391e-05 -2.526155174e-05 -1.115465441e-06
-17.73333333 0.07093333333 0.07093333333 1.239798471e-09 1.68970395e-07 -3.469725821e-05 -5.989172931e-06
-17.6624 0.07093333333 0.07093333333 1.195715286e-09 -2.348838569e-05 -2.535263184e-05 -1.120304324e-06
-17.59146667 0.07093333333 0.07093333333 1.566455594e-08 2.245345397e-05 -0.0001165699811 3.964641025e-05
17.59146667 0.07093333333 0.07093333333 1.566455594e-08 -2.245345397e-05 -0.0001165699811 3.964641025e-05
17.6624 0.07093333333 0.07093333333 1.195715286e-09 2.348838569e-05 -2.535263184e-05 -1.120304324e-06
17.73333333 0.07093333333 0.07093333333 1.239798471e-09 -1.68970395e-07 -3.469725821e-05 -5.989172931e-06
17.80426667 0.07093333333 0.07093333333 1.201635636e-09 -2.371171391e-05 -2.526155174e-05 -1.115465441e-06
17.8752 0.07093333333 0.07093333333 1.545704483e-08 2.215059655e-05 -0.0001158127193 3.94183961e-05
-17.80426667 0.1418666667 0.07093333333 2.896684565e-08 -6.074499642e-05 -0.0001392432842 7.673460023e-05
-17.73333333 0.1418666667 0.07093333333 3.14648307e-08 1.080324598e-07 -0.0001588289271 7.89822192e-05
-17.6624 0.1418666667 0.07093333333 2.92184556e-08 6.125082954e-05 -0.0001398019135 7.695593841e-05
17.6624 0.1418666667 0.07093333333 2.92184556e-08 -6.125082954e-05 -0.0001398019135 7.695593841e-05
17.73333333 0.1418666667 0.07093333333 3.14648307e-08 -1.080324598e-07 -0.0001588289271 7.89822192e-05
17.80426667 0.1418666667 0.07093333333 2.896684565e-08 6.074499642e-05 -0.0001392432842 7.673460023e-05
-17.80426667 -0.07093333333 0.1418666667 2.471587961e-08 -3.089410213e-05 0.0001486822439 4.068199118e-05
-17.73333333 -0.07093333333 0.1418666667 2.809032694e-08 1.11929022e-07 0.000163843813 3.529191611e-05
-17.6624 -0.07093333333 0.1418666667 2.488286647e-08 3.124419103e-05 0.0001491514036 4.074954949e-05
17.6624 -0.07093333333 0.1418666667 2.488286647e-08 -3.124419103e-05 0.0001491514036 4.074954949e-05
17.73333333 -0.07093333333 0.1418666667 2.809032694e-08 -1.11929022e-07 0.000163843813 3.529191611e-05
17.80426667 -0.07093333333 0.1418666667 2.471587961e-08 3.089410213e-05 0.0001486822439 4.068199118e-05
-17.80426667 0 0.1418666667 9.455351327e-10 -1.374112231e-05 3.518079359e-20 2.750848397e-05
-17.73333333 0 0.1418666667 5.526518158e-10 1.602927949e-07 -3.713654017e-21 2.350800123e-05
-17.6624 0 0.1418666667 9.570147412e-10 1.41136278e-05 9.238896584e-22 2.752853522e-05
17.6624 0 0.1418666667 9.570147412e-10 -1.41136278e-05 6.352747104e-21 2.752853522e-05
17.73333333 0 0.1418666667 5.526518158e-10 -1.602927949e-07 7.623296525e-21 2.350800123e-05
17.80426667 0 0.1418666667 9.455351327e-10 1.374112231e-05 -2.710505431e-20 2.750848397e-05
-17.80426667 0.07093333333 0.1418666667 2.471587961e-08 -3.089410213e-05 -0.0001486822439 4.068199118e-05
-17.73333333 0.07093333333 0.1418666667 2.809032694e-08 1.11929022e-07 -0.000163843813 3.529191611e-05
-17.6624 0.07093333333 0.1418666667 2.488286647e-08 3.124419103e-05 -0.0001491514036 4.074954949e-05
17.6624 0.07093333333 0.1418666667 2.488286647e-08 -3.124419103e-05 -0.0001491514036 4.074954949e-05
17.73333333 0.07093333333 0.1418666667 2.809032694e-08 -1.11929022e-07 -0.000163843813 3.529191611e-05
17.80426667 0.07093333333 0.1418666667 2.471587961e-08 3.089410213e-05 -0.0001486822439 4.068199118e-05
