x y z |P|^2 Px.r Px.i Py.r Py.i Pz.r Pz.i
-0.03546666667 -0.1064 -0.2482666667 1.013811108e-09 1.390576678e-07 -3.107180455e-07 3.518825416e-06 -3.141350101e-05 -2.480517097e-07 3.800462908e-06
0.03546666667 -0.1064 -0.2482666667 1.013811108e-09 -1.390576678e-07 3.107180455e-07 3.518825416e-06 -3.141350101e-05 -2.480517097e-07 3.800462908e-06
-0.1064 -0.03546666667 -0.2482666667 8.97872117e-10 1.42297227e-07 -1.89277205e-07 2.944446009e-06 -2.978275292e-05 -9.391274087e-08 1.457768666e-06
-0.03546666667 -0.03546666667 -0.2482666667 1.249541727e-09 -1.225433663e-08 6.133013477e-07 4.368225909e-06 -3.50451802e-05 -2.019061981e-07 1.370627104e-06
0.03546666667 -0.03546666667 -0.2482666667 1.249541727e-09 1.225433663e-08 -6.133013477e-07 4.368225909e-06 -3.50451802e-05 -2.019061981e-07 1.370627104e-06
0.1064 -0.03546666667 -0.2482666667 8.97872117e-10 -1.42297227e-07 1.89277205e-07 2.944446009e-06 -2.978275292e-05 -9.391274087e-08 1.457768666e-06
-0.1064 0.03546666667 -0.2482666667 8.97872117e-10 -1.42297227e-07 1.89277205e-07 2.944446009e-06 -2.978275292e-05 9.391274087e-08 -1.457768666e-06
-0.03546666667 0.03546666667 -0.2482666667 1.249541727e-09 1.225433663e-08 -6.133013477e-07 4.368225909e-06 -3.50451802e-05 2.019061981e-07 -1.370627104e-06
0.03546666667 0.03546666667 -0.2482666667 1.249541727e-09 -1.225433663e-08 6.133013477e-07 4.368225909e-06 -3.50451802e-05 2.019061981e-07 -1.370627104e-06
0.1064 0.03546666667 -0.2482666667 8.97872117e-10 1.42297227e-07 -1.89277205e-07 2.944446009e-06 -2.978275292e-05 9.391274087e-08 -1.457768666e-06
-0.03546666667 0.1064 -0.2482666667 1.013811108e-09 -1.390576678e-07 3.107180455e-07 3.518825416e-06 -3.141350101e-05 2.480517097e-07 -3.800462908e-06
0.03546666667 0.1064 -0.2482666667 1.013811108e-09 1.390576678e-07 -3.107180455e-07 3.518825416e-06 -3.141350101e-05 2.480517097e-07 -3.800462908e-06
-0.1064 -0.1773333333 -0.1773333333 9.205300335e-10 9.545681927e-07 -1.002753567e-08 1.453171394e-05 -2.562999613e-05 -6.451011042e-07 7.15088563e-06
-0.03546666667 -0.1773333333 -0.1773333333 9.604967461e-10 2.178880815e-07 8.19759397e-09 1.494561352e-05 -2.533796295e-05 -1.940454842e-06 9.555109035e-06
0.03546666667 -0.1773333333 -0.1773333333 9.604967461e-10 -2.178880815e-07 -8.19759397e-09 1.494561352e-05 -2.533796295e-05 -1.940454842e-06 9.555109035e-06
0.1064 -0.1773333333 -0.1773333333 9.205300335e-10 -9.545681927e-07 1.002753567e-08 1.453171394e-05 -2.562999613e-05 -6.451011042e-07 7.15088563e-06
-0.1773333333 -0.1064 -0.1773333333 8.93919479e-10 9.390193776e-07 1.187888044e-07 1.359306592e-05 -2.620432365e-05 -5.535753017e-07 4.612932473e-06
-0.1064 -0.1064 -0.1773333333 1.211092489e-09 1.185433284e-07 5.266032968e-07 1.715955272e-05 -2.951151339e-05 -1.44756478e-06 6.58224957e-06
-0.03546666667 -0.1064 -0.1773333333 1.215478187e-09 6.811957272e-08 2.294229774e-08 1.845394354e-05 -2.831905703e-05 -1.999547074e-06 8.304083831e-06
0.03546666667 -0.1064 -0.1773333333 1.215478187e-09 -6.811957272e-08 -2.294229774e-08 1.845394354e-05 -2.831905703e-05 -1.999547074e-06 8.304083831e-06
0.1064 -0.1064 -0.1773333333 1.211092489e-09 -1.185433284e-07 -5.266032968e-07 1.715955272e-05 -2.951151339e-05 -1.44756478e-06 6.58224957e-06
0.1773333333 -0.1064 -0.1773333333 8.93919479e-10 -9.390193776e-07 -1.187888044e-07 1.359306592e-05 -2.620432365e-05 -5.535753017e-07 4.612932473e-06
-0.1773333333 -0.03546666667 -0.1773333333 1.152801327e-09 1.369390332e-07 -5.635099268e-08 1.575799235e-05 -3.002339232e-05 -2.30761224e-07 1.734283548e-06
-0.1064 -0.03546666667 -0.1773333333 1.199556439e-09 5.395980739e-08 1.008811979e-07 1.842716246e-05 -2.914135676e-05 -6.751624236e-07 3.210687863e-06
-0.03546666667 -0.03546666667 -0.1773333333 1.261072152e-09 7.749731787e-09 1.453767652e-07 1.997188085e-05 -2.920431041e-05 -7.93038188e-07 2.9418152e-06
0.03546666667 -0.03546666667 -0.1773333333 1.261072152e-09 -7.749731787e-09 -1.453767652e-07 1.997188085e-05 -2.920431041e-05 -7.93038188e-07 2.9418152e-06
0.1064 -0.03546666667 -0.1773333333 1.199556439e-09 -5.395980739e-08 -1.008811979e-07 1.842716246e-05 -2.914135676e-05 -6.751624236e-07 3.210687863e-06
0.1773333333 -0.03546666667 -0.1773333333 1.152801327e-09 -1.369390332e-07 5.635099268e-08 1.575799235e-05 -3.002339232e-05 -2.30761224e-07 1.734283548e-06
-0.1773333333 0.03546666667 -0.1773333333 1.152801327e-09 -1.369390332e-07 5.635099268e-08 1.575799235e-05 -3.002339232e-05 2.30761224e-07 -1.734283548e-06
-0.1064 0.03546666667 -0.1773333333 1.199556439e-09 -5.395980739e-08 -1.008811979e-07 1.842716246e-05 -2.914135676e-05 6.751624236e-07 -3.210687863e-06
-0.03546666667 0.03546666667 -0.1773333333 1.261072152e-09 -7.749731787e-09 -1.453767652e-07 1.997188085e-05 -2.920431041e-05 7.93038188e-07 -2.9418152e-06
0.03546666667 0.03546666667 -0.1773333333 1.261072152e-09 7.749731787e-09 1.453767652e-07 1.997188085e-05 -2.920431041e-05 7.93038188e-07 -2.9418152e-06
0.1064 0.03546666667 -0.1773333333 1.199556439e-09 5.395980739e-08 1.008811979e-07 1.842716246e-05 -2.914135676e-05 6.751624236e-07 -3.210687863e-06
0.1773333333 0.03546666667 -0.1773333333 1.152801327e-09 1.369390332e-07 -5.635099268e-08 1.575799235e-05 -3.002339232e-05 2.30761224e-07 -1.734283548e-06
-0.1773333333 0.1064 -0.1773333333 8.93919479e-10 -9.390193776e-07 -1.187888044e-07 1.359306592e-05 -2.620432365e-05 5.535753017e-07 -4.612932473e-06
-0.1064 0.1064 -0.1773333333 1.211092489e-09 -1.185433284e-07 -5.266032968e-07 1.715955272e-05 -2.951151339e-05 1.44756478e-06 -6.58224957e-06
-0.03546666667 0.1064 -0.1773333333 1.215478187e-09 -6.811957272e-08 -2.294229774e-08 1.845394354e-05 -2.831905703e-05 1.999547074e-06 -8.304083831e-06
0.03546666667 0.1064 -0.1773333333 1.215478187e-09 6.811957272e-08 2.294229774e-08 1.845394354e-05 -2.831905703e-05 1.999547074e-06 -8.304083831e-06
0.1064 0.1064 -0.1773333333 1.211092489e-09 1.185433284e-07 5.266032968e-07 1.715955272e-05 -2.951151339e-05 1.44756478e-06 -6.58224957e-06
0.1773333333 0.1064 -0.1773333333 8.93919479e-10 9.390193776e-07 1.187888044e-07 1.359306592e-05 -2.620432365e-05 5.535753017e-07 -4.612932473e-06
-0.1064 0.1773333333 -0.1773333333 9.205300335e-10 -9.545681927e-07 1.002753567e-08 1.453171394e-05 -2.562999613e-05 6.451011042e-07 -7.15088563e-06
-0.03546666667 0.1773333333 -0.1773333333 9.604967461e-10 -2.178880815e-07 -8.19759397e-09 1.494561352e-05 -2.533796295e-05 1.940454842e-06 -9.555109035e-06
0.03546666667 0.1773333333 -0.1773333333 9.604967461e-10 2.178880815e-07 8.19759397e-09 1.494561352e-05 -2.533796295e-05 1.940454842e-06 -9.555109035e-06
0.1064 0.1773333333 -0.1773333333 9.205300335e-10 9.545681927e-07 -1.002753567e-08 1.453171394e-05 -2.562999613e-05 6.451011042e-07 -7.15088563e-06
-0.03546666667 -0.2482666667 -0.1064 9.467856307e-10 6.238157297e-07 4.009413769e-07 2.422628917e-05 -1.371451721e-05 -3.973415254e-06 1.246782389e-05
0.03546666667 -0.2482666667 -0.1064 9.467856307e-10 -6.238157297e-07 -4.009413769e-07 2.422628917e-05 -1.371451721e-05 -3.973415254e-06 1.246782389e-05
-0.1773333333 -0.1773333333 -0.1064 7.986796862e-10 2.667324019e-06 1.055719729e-06 2.18687491e-05 -1.480280322e-05 -2.694034554e-06 9.264314983e-06
-0.1064 -0.1773333333 -0.1064 8.264460117e-10 3.112585318e-07 1.551737383e-06 2.209231204e-05 -1.237339532e-05 -5.083938886e-06 1.252691675e-05
-0.03546666667 -0.1773333333 -0.1064 1.124136387e-09 -3.991995038e-07 8.416658573e-07 2.679016401e-05 -1.379429854e-05 -5.8574607e-06 1.345225705e-05
0.03546666667 -0.1773333333 -0.1064 1.124136387e-09 3.991995038e-07 -8.416658573e-07 2.679016401e-05 -1.379429854e-05 -5.8574607e-06 1.345225705e-05
0.1064 -0.1773333333 -0.1064 8.264460117e-10 -3.112585318e-07 -1.551737383e-06 2.209231204e-05 -1.237339532e-05 -5.083938886e-06 1.252691675e-05
0.1773333333 -0.1773333333 -0.1064 7.986796862e-10 -2.667324019e-06 -1.055719729e-06 2.18687491e-05 -1.480280322e-05 -2.694034554e-06 9.264314983e-06
-0.1773333333 -0.1064 -0.1064 9.787909641e-10 9.316033753e-08 1.305563778e-06 2.522555291e-05 -1.657734188e-05 -2.867998336e-06 7.597077765e-06
-0.1064 -0.1064 -0.1064 1.02319545e-09 1.294284499e-08 1.023668813e-06 2.710066247e-05 -1.419165068e-05 -3.750396082e-06 8.499003368e-06
-0.03546666667 -0.1064 -0.1064 1.146583674e-09 -6.025874988e-08 3.82640164e-07 2.927593614e-05 -1.355944339e-05 -4.256139274e-06 9.347725188e-06
0.03546666667 -0.1064 -0.1064 1.146583674e-09 6.025874988e-08 -3.82640164e-07 2.927593614e-05 -1.355944339e-05 -4.256139274e-06 9.347725188e-06
0.1064 -0.1064 -0.1064 1.02319545e-09 -1.294284499e-08 -1.023668813e-06 2.710066247e-05 -1.419165068e-05 -3.750396082e-06 8.499003368e-06
0.1773333333 -0.1064 -0.1064 9.787909641e-10 -9.316033753e-08 -1.305563778e-06 2.522555291e-05 -1.657734188e-05 -2.867998336e-06 7.597077765e-06
-0.2482666667 -0.03546666667 -0.1064 6.129337639e-10 5.293372789e-07 5.474414372e-07 1.887908457e-05 -1.58721201e-05 -6.352885611e-07 1.899013375e-06
-0.1773333333 -0.03546666667 -0.1064 9.276399412e-10 -3.400570698e-07 8.507611296e-07 2.560657139e-05 -1.622708804e-05 -1.063500006e-06 2.579649393e-06
-0.1064 -0.03546666667 -0.1064 1.061743139e-09 -5.463261417e-08 3.978019708e-07 2.895167207e-05 -1.454225072e-05 -1.394292176e-06 3.156182066e-06
-0.03546666667 -0.03546666667 -0.1064 1.142265066e-09 -1.852080879e-08 1.387722286e-07 3.078466404e-05 -1.344778705e-05 -1.568487954e-06 3.353624143e-06
0.03546666667 -0.03546666667 -0.1064 1.142265066e-09 1.852080879e-08 -1.387722286e-07 3.078466404e-05 -1.344778705e-05 -1.568487954e-06 3.353624143e-06
0.1064 -0.03546666667 -0.1064 1.061743139e-09 5.463261417e-08 -3.978019708e-07 2.895167207e-05 -1.454225072e-05 -1.394292176e-06 3.156182066e-06
0.1773333333 -0.03546666667 -0.1064 9.276399412e-10 3.400570698e-07 -8.507611296e-07 2.560657139e-05 -1.622708804e-05 -1.063500006e-06 2.579649393e-06
0.2482666667 -0.03546666667 -0.1064 6.129337639e-10 -5.293372789e-07 -5.474414372e-07 1.887908457e-05 -1.58721201e-05 -6.352885611e-07 1.899013375e-06
-0.2482666667 0.03546666667 -0.1064 6.129337639e-10 -5.293372789e-07 -5.474414372e-07 1.887908457e-05 -1.58721201e-05 6.352885611e-07 -1.899013375e-06
-0.1773333333 0.03546666667 -0.1064 9.276399412e-10 3.400570698e-07 -8.507611296e-07 2.560657139e-05 -1.622708804e-05 1.063500006e-06 -2.579649393e-06
-0.1064 0.03546666667 -0.1064 1.061743139e-09 5.463261417e-08 -3.978019708e-07 2.895167207e-05 -1.454225072e-05 1.394292176e-06 -3.156182066e-06
-0.03546666667 0.03546666667 -0.1064 1.142265066e-09 1.852080879e-08 -1.387722286e-07 3.078466404e-05 -1.344778705e-05 1.568487954e-06 -3.353624143e-06
0.03546666667 0.03546666667 -0.1064 1.142265066e-09 -1.852080879e-08 1.387722286e-07 3.078466404e-05 -1.344778705e-05 1.568487954e-06 -3.353624143e-06
0.1064 0.03546666667 -0.1064 1.061743139e-09 -5.463261417e-08 3.978019708e-07 2.895167207e-05 -1.454225072e-05 1.394292176e-06 -3.156182066e-06
0.1773333333 0.03546666667 -0.1064 9.276399412e-10 -3.400570698e-07 8.507611296e-07 2.560657139e-05 -1.622708804e-05 1.063500006e-06 -2.579649393e-06
0.2482666667 0.03546666667 -0.1064 6.129337639e-10 5.293372789e-07 5.474414372e-07 1.887908457e-05 -1.58721201e-05 6.352885611e-07 -1.899013375e-06
-0.1773333333 0.1064 -0.1064 9.787909641e-10 -9.316033753e-08 -1.305563778e-06 2.522555291e-05 -1.657734188e-05 2.867998336e-06 -7.597077765e-06
-0.1064 0.1064 -0.1064 1.02319545e-09 -1.294284499e-08 -1.023668813e-06 2.710066247e-05 -1.419165068e-05 3.750396082e-06 -8.499003368e-06
-0.03546666667 0.1064 -0.1064 1.146583674e-09 6.025874988e-08 -3.82640164e-07 2.927593614e-05 -1.355944339e-05 4.256139274e-06 -9.347725188e-06
0.03546666667 0.1064 -0.1064 1.146583674e-09 -6.025874988e-08 3.82640164e-07 2.927593614e-05 -1.355944339e-05 4.256139274e-06 -9.347725188e-06
0.1064 0.1064 -0.1064 1.02319545e-09 1.294284499e-08 1.023668813e-06 2.710066247e-05 -1.419165068e-05 3.750396082e-06 -8.499003368e-06
0.1773333333 0.1064 -0.1064 9.787909641e-10 9.316033753e-08 1.305563778e-06 2.522555291e-05 -1.657734188e-05 2.867998336e-06 -7.597077765e-06
-0.1773333333 0.1773333333 -0.1064 7.986796862e-10 -2.667324019e-06 -1.055719729e-06 2.18687491e-05 -1.480280322e-05 2.694034554e-06 -9.264314983e-06
-0.1064 0.1773333333 -0.1064 8.264460117e-10 -3.112585318e-07 -1.551737383e-06 2.209231204e-05 -1.237339532e-05 5.083938886e-06 -1.252691675e-05
-0.03546666667 0.1773333333 -0.1064 1.124136387e-09 3.991995038e-07 -8.416658573e-07 2.679016401e-05 -1.379429854e-05 5.8574607e-06 -1.345225705e-05
0.03546666667 0.1773333333 -0.1064 1.124136387e-09 -3.991995038e-07 8.416658573e-07 2.679016401e-05 -1.379429854e-05 5.8574607e-06 -1.345225705e-05
0.1064 0.1773333333 -0.1064 8.264460117e-10 3.112585318e-07 1.551737383e-06 2.209231204e-05 -1.237339532e-05 5.083938886e-06 -1.252691675e-05
0.1773333333 0.1773333333 -0.1064 7.986796862e-10 2.667324019e-06 1.055719729e-06 2.18687491e-05 -1.480280322e-05 2.694034554e-06 -9.264314983e-06
-0.03546666667 0.2482666667 -0.1064 9.467856307e-10 -6.238157297e-07 -4.009413769e-07 2.422628917e-05 -1.371451721e-05 3.973415254e-06 -1.246782389e-05
0.03546666667 0.2482666667 -0.1064 9.467856307e-10 6.238157297e-07 4.009413769e-07 2.422628917e-05 -1.371451721e-05 3.973415254e-06 -1.246782389e-05
-0.1064 -0.2482666667 -0.03546666667 9.141699368e-10 2.005412919e-06 2.435979105e-06 2.673119748e-05 2.155471431e-06 -7.193560139e-06 1.154400182e-05
-0.03546666667 -0.2482666667 -0.03546666667 8.979944754e-10 7.92080862e-07 7.11442999e-07 2.411546989e-05 3.863649339e-06 -9.038483864e-06 1.478793654e-05
0.03546666667 -0.2482666667 -0.03546666667 8.979944754e-10 -7.92080862e-07 -7.11442999e-07 2.411546989e-05 3.863649339e-06 -9.038483864e-06 1.478793654e-05
0.1064 -0.2482666667 -0.03546666667 9.141699368e-10 -2.005412919e-06 -2.435979105e-06 2.673119748e-05 2.155471431e-06 -7.193560139e-06 1.154400182e-05
-0.1773333333 -0.1773333333 -0.03546666667 7.571592704e-10 1.035218029e-06 2.889885873e-06 2.396646608e-05 9.357234918e-07 -6.640791607e-06 1.133000289e-05
-0.1064 -0.1773333333 -0.03546666667 1.055699112e-09 -2.995946978e-07 2.012798806e-06 2.822932296e-05 3.792042038e-06 -8.636362579e-06 1.28723339e-05
-0.03546666667 -0.1773333333 -0.03546666667 1.150178836e-09 -2.820011533e-08 7.438719591e-07 2.918132312e-05 5.813022688e-06 -9.060113393e-06 1.349808093e-05
0.03546666667 -0.1773333333 -0.03546666667 1.150178836e-09 2.820011533e-08 -7.438719591e-07 2.918132312e-05 5.813022688e-06 -9.060113393e-06 1.349808093e-05
0.1064 -0.1773333333 -0.03546666667 1.055699112e-09 2.995946978e-07 -2.012798806e-06 2.822932296e-05 3.792042038e-06 -8.636362579e-06 1.28723339e-05
0.1773333333 -0.1773333333 -0.03546666667 7.571592704e-10 -1.035218029e-06 -2.889885873e-06 2.396646608e-05 9.357234918e-07 -6.640791607e-06 1.133000289e-05
-0.2482666667 -0.1064 -0.03546666667 5.674856062e-10 1.861411159e-06 2.529751042e-06 2.257602725e-05 -2.914935384e-06 -3.059504591e-06 5.485133671e-06
-0.1773333333 -0.1064 -0.03546666667 8.259460407e-10 -2.247522367e-07 2.004167835e-06 2.716461398e-05 1.503551856e-06 -4.852740411e-06 7.625800168e-06
-0.1064 -0.1064 -0.03546666667 1.063109069e-09 -1.415497852e-07 1.358715858e-06 3.029148273e-05 5.478969873e-06 -5.992152207e-06 8.817255777e-06
-0.03546666667 -0.1064 -0.03546666667 1.197699036e-09 -5.450106258e-08 4.858726037e-07 3.173876719e-05 7.72207562e-06 -6.494164304e-06 9.397128748e-06
0.03546666667 -0.1064 -0.03546666667 1.197699036e-09 5.450106258e-08 -4.858726037e-07 3.173876719e-05 7.72207562e-06 -6.494164304e-06 9.397128748e-06
0.1064 -0.1064 -0.03546666667 1.063109069e-09 1.415497852e-07 -1.358715858e-06 3.029148273e-05 5.478969873e-06 -5.992152207e-06 8.817255777e-06
0.1773333333 -0.1064 -0.03546666667 8.259460407e-10 2.247522367e-07 -2.004167835e-06 2.716461398e-05 1.503551856e-06 -4.852740411e-06 7.625800168e-06
0.2482666667 -0.1064 -0.03546666667 5.674856062e-10 -1.861411159e-06 -2.529751042e-06 2.257602725e-05 -2.914935384e-06 -3.059504591e-06 5.485133671e-06
-0.2482666667 -0.03546666667 -0.03546666667 6.476614339e-10 4.176262236e-07 7.790964444e-07 2.511653508e-05 -2.546940011e-06 -1.723882431e-06 2.565350397e-06
-0.1773333333 -0.03546666667 -0.03546666667 8.33377006e-10 -5.249899688e-08 7.750859261e-07 2.857572734e-05 2.213035682e-06 -1.863325822e-06 2.798533283e-06
-0.1064 -0.03546666667 -0.03546666667 1.050464607e-09 -5.896463273e-08 4.909232905e-07 3.154642007e-05 6.350609053e-06 -2.170332848e-06 3.162740165e-06
-0.03546666667 -0.03546666667 -0.03546666667 1.188698094e-09 -2.050101785e-08 1.722157374e-07 3.309357722e-05 8.755230644e-06 -2.354015454e-06 3.359718777e-06
0.03546666667 -0.03546666667 -0.03546666667 1.188698094e-09 2.050101785e-08 -1.722157374e-07 3.309357722e-05 8.755230644e-06 -2.354015454e-06 3.359718777e-06
0.1064 -0.03546666667 -0.03546666667 1.050464607e-09 5.896463273e-08 -4.909232905e-07 3.154642007e-05 6.350609053e-06 -2.170332848e-06 3.162740165e-06
0.1773333333 -0.03546666667 -0.03546666667 8.33377006e-10 5.249899688e-08 -7.750859261e-07 2.857572734e-05 2.213035682e-06 -1.863325822e-06 2.798533283e-06
0.2482666667 -0.03546666667 -0.03546666667 6.476614339e-10 -4.176262236e-07 -7.790964444e-07 2.511653508e-05 -2.546940011e-06 -1.723882431e-06 2.565350397e-06
-0.2482666667 0.03546666667 -0.03546666667 6.476614339e-10 -4.176262236e-07 -7.790964444e-07 2.511653508e-05 -2.546940011e-06 1.723882431e-06 -2.565350397e-06
-0.1773333333 0.03546666667 -0.03546666667 8.33377006e-10 5.249899688e-08 -7.750859261e-07 2.857572734e-05 2.213035682e-06 1.863325822e-06 -2.798533283e-06
-0.1064 0.03546666667 -0.03546666667 1.050464607e-09 5.896463273e-08 -4.909232905e-07 3.154642007e-05 6.350609053e-06 2.170332848e-06 -3.162740165e-06
-0.03546666667 0.03546666667 -0.03546666667 1.188698094e-09 2.050101785e-08 -1.722157374e-07 3.309357722e-05 8.755230644e-06 2.354015454e-06 -3.359718777e-06
0.03546666667 0.03546666667 -0.03546666667 1.188698094e-09 -2.050101785e-08 1.722157374e-07 3.309357722e-05 8.755230644e-06 2.354015454e-06 -3.359718777e-06
0.1064 0.03546666667 -0.03546666667 1.050464607e-09 -5.896463273e-08 4.909232905e-07 3.154642007e-05 6.350609053e-06 2.170332848e-06 -3.162740165e-06
0.1773333333 0.03546666667 -0.03546666667 8.33377006e-10 -5.249899688e-08 7.750859261e-07 2.857572734e-05 2.213035682e-06 1.863325822e-06 -2.798533283e-06
0.2482666667 0.03546666667 -0.03546666667 6.476614339e-10 4.176262236e-07 7.790964444e-07 2.511653508e-05 -2.546940011e-06 1.723882431e-06 -2.565350397e-06
-0.2482666667 0.1064 -0.03546666667 5.674856062e-10 -1.861411159e-06 -2.529751042e-06 2.257602725e-05 -2.914935384e-06 3.059504591e-06 -5.485133671e-06
-0.1773333333 0.1064 -0.03546666667 8.259460407e-10 2.247522367e-07 -2.004167835e-06 2.716461398e-05 1.503551856e-06 4.852740411e-06 -7.625800168e-06
-0.1064 0.1064 -0.03546666667 1.063109069e-09 1.415497852e-07 -1.358715858e-06 3.029148273e-05 5.478969873e-06 5.992152207e-06 -8.817255777e-06
-0.03546666667 0.1064 -0.03546666667 1.197699036e-09 5.450106258e-08 -4.858726037e-07 3.173876719e-05 7.72207562e-06 6.494164304e-06 -9.397128748e-06
0.03546666667 0.1064 -0.03546666667 1.197699036e-09 -5.450106258e-08 4.858726037e-07 3.173876719e-05 7.72207562e-06 6.494164304e-06 -9.397128748e-06
0.1064 0.1064 -0.03546666667 1.063109069e-09 -1.415497852e-07 1.358715858e-06 3.029148273e-05 5.478969873e-06 5.992152207e-06 -8.817255777e-06
0.1773333333 0.1064 -0.03546666667 8.259460407e-10 -2.247522367e-07 2.004167835e-06 2.716461398e-05 1.503551856e-06 4.852740411e-06 -7.625800168e-06
0.2482666667 0.1064 -0.03546666667 5.674856062e-10 1.861411159e-06 2.529751042e-06 2.257602725e-05 -2.914935384e-06 3.059504591e-06 -5.485133671e-06
-0.1773333333 0.1773333333 -0.03546666667 7.571592704e-10 -1.035218029e-06 -2.889885873e-06 2.396646608e-05 9.357234918e-07 6.640791607e-06 -1.133000289e-05
-0.1064 0.1773333333 -0.03546666667 1.055699112e-09 2.995946978e-07 -2.012798806e-06 2.822932296e-05 3.792042038e-06 8.636362579e-06 -1.28723339e-05
-0.03546666667 0.1773333333 -0.03546666667 1.150178836e-09 2.820011533e-08 -7.438719591e-07 2.918132312e-05 5.813022688e-06 9.060113393e-06 -1.349808093e-05
0.03546666667 0.1773333333 -0.03546666667 1.150178836e-09 -2.820011533e-08 7.438719591e-07 2.918132312e-05 5.813022688e-06 9.060113393e-06 -1.349808093e-05
0.1064 0.1773333333 -0.03546666667 1.055699112e-09 -2.995946978e-07 2.012798806e-06 2.822932296e-05 3.792042038e-06 8.636362579e-06 -1.28723339e-05
0.1773333333 0.1773333333 -0.03546666667 7.571592704e-10 1.035218029e-06 2.889885873e-06 2.396646608e-05 9.357234918e-07 6.640791607e-06 -1.133000289e-05
-0.1064 0.2482666667 -0.03546666667 9.141699368e-10 -2.005412919e-06 -2.435979105e-06 2.673119748e-05 2.155471431e-06 7.193560139e-06 -1.154400182e-05
-0.03546666667 0.2482666667 -0.03546666667 8.979944754e-10 -7.92080862e-07 -7.11442999e-07 2.411546989e-05 3.863649339e-06 9.038483864e-06 -1.478793654e-05
0.03546666667 0.2482666667 -0.03546666667 8.979944754e-10 7.92080862e-07 7.11442999e-07 2.411546989e-05 3.863649339e-06 9.038483864e-06 -1.478793654e-05
0.1064 0.2482666667 -0.03546666667 9.141699368e-10 2.005412919e-06 2.435979105e-06 2.673119748e-05 2.155471431e-06 7.193560139e-06 -1.154400182e-05
-0.1064 -0.2482666667 0.03546666667 1.12918956e-09 1.811224072e-06 3.685029379e-06 2.195491304e-05 2.074584174e-05 -1.040320461e-05 9.575738288e-06
-0.03546666667 -0.2482666667 0.03546666667 1.113401609e-09 3.488266167e-07 1.557710663e-06 1.984681678e-05 1.972206758e-05 -1.324362012e-05 1.235329536e-05
0.03546666667 -0.2482666667 0.03546666667 1.113401609e-09 -3.488266167e-07 -1.557710663e-06 1.984681678e-05 1.972206758e-05 -1.324362012e-05 1.235329536e-05
0.1064 -0.2482666667 0.03546666667 1.12918956e-09 -1.811224072e-06 -3.685029379e-06 2.195491304e-05 2.074584174e-05 -1.040320461e-05 9.575738288e-06
-0.1773333333 -0.1773333333 0.03546666667 8.611187509e-10 8.971128915e-07 3.930245948e-06 1.981954833e-05 1.62506453e-05 -9.944136723e-06 9.438394061e-06
-0.1064 -0.1773333333 0.03546666667 1.270953755e-09 -3.195988295e-07 2.15640965e-06 2.231717669e-05 2.282772715e-05 -1.066117891e-05 1.154899439e-05
-0.03546666667 -0.1773333333 0.03546666667 1.468175926e-09 -7.22025853e-08 7.649266651e-07 2.299185079e-05 2.5704817e-05 -1.174297146e-05 1.184590228e-05
0.03546666667 -0.1773333333 0.03546666667 1.468175926e-09 7.22025853e-08 -7.649266651e-07 2.299185079e-05 2.5704817e-05 -1.174297146e-05 1.184590228e-05
0.1064 -0.1773333333 0.03546666667 1.270953755e-09 3.195988295e-07 -2.15640965e-06 2.231717669e-05 2.282772715e-05 -1.066117891e-05 1.154899439e-05
0.1773333333 -0.1773333333 0.03546666667 8.611187509e-10 -8.971128915e-07 -3.930245948e-06 1.981954833e-05 1.62506453e-05 -9.944136723e-06 9.438394061e-06
-0.2482666667 -0.1064 0.03546666667 5.679060196e-10 1.569424424e-06 3.899294347e-06 1.854255669e-05 1.275247518e-05 -4.779813159e-06 4.576000929e-06
-0.1773333333 -0.1064 0.03546666667 9.545967666e-10 -4.641497163e-07 2.427186462e-06 2.182997319e-05 1.957203716e-05 -6.658675675e-06 6.673812071e-06
-0.1064 -0.1064 0.03546666667 1.351167431e-09 -2.340377634e-07 1.594142948e-06 2.383314216e-05 2.571411166e-05 -7.664390441e-06 7.78423287e-06
-0.03546666667 -0.1064 0.03546666667 1.596848322e-09 -8.127505076e-08 5.415516491e-07 2.470758279e-05 2.913644659e-05 -8.291501513e-06 8.270566688e-06
0.03546666667 -0.1064 0.03546666667 1.596848322e-09 8.127505076e-08 -5.415516491e-07 2.470758279e-05 2.913644659e-05 -8.291501513e-06 8.270566688e-06
0.1064 -0.1064 0.03546666667 1.351167431e-09 2.340377634e-07 -1.594142948e-06 2.383314216e-05 2.571411166e-05 -7.664390441e-06 7.78423287e-06
0.1773333333 -0.1064 0.03546666667 9.545967666e-10 4.641497163e-07 -2.427186462e-06 2.182997319e-05 1.957203716e-05 -6.658675675e-06 6.673812071e-06
0.2482666667 -0.1064 0.03546666667 5.679060196e-10 -1.569424424e-06 -3.899294347e-06 1.854255669e-05 1.275247518e-05 -4.779813159e-06 4.576000929e-06
-0.2482666667 -0.03546666667 0.03546666667 6.192095767e-10 3.522131055e-07 1.066451748e-06 2.061433373e-05 1.358870498e-05 -1.687355036e-06 2.344648813e-06
-0.1773333333 -0.03546666667 0.03546666667 9.752099265e-10 -8.991661328e-08 8.010903955e-07 2.277943132e-05 2.10704504e-05 -2.350555531e-06 2.483669277e-06
-0.1064 -0.03546666667 0.03546666667 1.376098194e-09 -8.732466844e-08 5.49409147e-07 2.465269316e-05 2.743248321e-05 -2.77545465e-06 2.790905675e-06
-0.03546666667 -0.03546666667 0.03546666667 1.635770925e-09 -3.013152632e-08 1.915948593e-07 2.560310307e-05 3.102470657e-05 -2.985989595e-06 2.960721319e-06
0.03546666667 -0.03546666667 0.03546666667 1.635770925e-09 3.013152632e-08 -1.915948593e-07 2.560310307e-05 3.102470657e-05 -2.985989595e-06 2.960721319e-06
0.1064 -0.03546666667 0.03546666667 1.376098194e-09 8.732466844e-08 -5.49409147e-07 2.465269316e-05 2.743248321e-05 -2.77545465e-06 2.790905675e-06
0.1773333333 -0.03546666667 0.03546666667 9.752099265e-10 8.991661328e-08 -8.010903955e-07 2.277943132e-05 2.10704504e-05 -2.350555531e-06 2.483669277e-06
0.2482666667 -0.03546666667 0.03546666667 6.192095767e-10 -3.522131055e-07 -1.066451748e-06 2.061433373e-05 1.358870498e-05 -1.687355036e-06 2.344648813e-06
-0.2482666667 0.03546666667 0.03546666667 6.192095767e-10 -3.522131055e-07 -1.066451748e-06 2.061433373e-05 1.358870498e-05 1.687355036e-06 -2.344648813e-06
-0.1773333333 0.03546666667 0.03546666667 9.752099265e-10 8.991661328e-08 -8.010903955e-07 2.277943132e-05 2.10704504e-05 2.350555531e-06 -2.483669277e-06
-0.1064 0.03546666667 0.03546666667 1.376098194e-09 8.732466844e-08 -5.49409147e-07 2.465269316e-05 2.743248321e-05 2.77545465e-06 -2.790905675e-06
-0.03546666667 0.03546666667 0.03546666667 1.635770925e-09 3.013152632e-08 -1.915948593e-07 2.560310307e-05 3.102470657e-05 2.985989595e-06 -2.960721319e-06
0.03546666667 0.03546666667 0.03546666667 1.635770925e-09 -3.013152632e-08 1.915948593e-07 2.560310307e-05 3.102470657e-05 2.985989595e-06 -2.960721319e-06
0.1064 0.03546666667 0.03546666667 1.376098194e-09 -8.732466844e-08 5.49409147e-07 2.465269316e-05 2.743248321e-05 2.77545465e-06 -2.790905675e-06
0.1773333333 0.03546666667 0.03546666667 9.752099265e-10 -8.991661328e-08 8.010903955e-07 2.277943132e-05 2.10704504e-05 2.350555531e-06 -2.483669277e-06
0.2482666667 0.03546666667 0.03546666667 6.192095767e-10 3.522131055e-07 1.066451748e-06 2.061433373e-05 1.358870498e-05 1.687355036e-06 -2.344648813e-06
-0.2482666667 0.1064 0.03546666667 5.679060196e-10 -1.569424424e-06 -3.899294347e-06 1.854255669e-05 1.275247518e-05 4.779813159e-06 -4.576000929e-06
-0.1773333333 0.1064 0.03546666667 9.545967666e-10 4.641497163e-07 -2.427186462e-06 2.182997319e-05 1.957203716e-05 6.658675675e-06 -6.673812071e-06
-0.1064 0.1064 0.03546666667 1.351167431e-09 2.340377634e-07 -1.594142948e-06 2.383314216e-05 2.571411166e-05 7.664390441e-06 -7.78423287e-06
-0.03546666667 0.1064 0.03546666667 1.596848322e-09 8.127505076e-08 -5.415516491e-07 2.470758279e-05 2.913644659e-05 8.291501513e-06 -8.270566688e-06
0.03546666667 0.1064 0.03546666667 1.596848322e-09 -8.127505076e-08 5.415516491e-07 2.470758279e-05 2.913644659e-05 8.291501513e-06 -8.270566688e-06
0.1064 0.1064 0.03546666667 1.351167431e-09 -2.340377634e-07 1.594142948e-06 2.383314216e-05 2.571411166e-05 7.664390441e-06 -7.78423287e-06
0.1773333333 0.1064 0.03546666667 9.545967666e-10 -4.641497163e-07 2.427186462e-06 2.182997319e-05 1.957203716e-05 6.658675675e-06 -6.673812071e-06
0.2482666667 0.1064 0.03546666667 5.679060196e-10 1.569424424e-06 3.899294347e-06 1.854255669e-05 1.275247518e-05 4.779813159e-06 -4.576000929e-06
-0.1773333333 0.1773333333 0.03546666667 8.611187509e-10 -8.971128915e-07 -3.930245948e-06 1.981954833e-05 1.62506453e-05 9.944136723e-06 -9.438394061e-06
-0.1064 0.1773333333 0.03546666667 1.270953755e-09 3.195988295e-07 -2.15640965e-06 2.231717669e-05 2.282772715e-05 1.066117891e-05 -1.154899439e-05
-0.03546666667 0.1773333333 0.03546666667 1.468175926e-09 7.22025853e-08 -7.649266651e-07 2.299185079e-05 2.5704817e-05 1.174297146e-05 -1.184590228e-05
0.03546666667 0.1773333333 0.03546666667 1.468175926e-09 -7.22025853e-08 7.649266651e-07 2.299185079e-05 2.5704817e-05 1.174297146e-05 -1.184590228e-05
0.1064 0.1773333333 0.03546666667 1.270953755e-09 -3.195988295e-07 2.15640965e-06 2.231717669e-05 2.282772715e-05 1.066117891e-05 -1.154899439e-05
0.1773333333 0.1773333333 0.03546666667 8.611187509e-10 8.971128915e-07 3.930245948e-06 1.981954833e-05 1.62506453e-05 9.944136723e-06 -9.438394061e-06
-0.1064 0.2482666667 0.03546666667 1.12918956e-09 -1.811224072e-06 -3.685029379e-06 2.195491304e-05 2.074584174e-05 1.040320461e-05 -9.575738288e-06
-0.03546666667 0.2482666667 0.03546666667 1.113401609e-09 -3.488266167e-07 -1.557710663e-06 1.984681678e-05 1.972206758e-05 1.324362012e-05 -1.235329536e-05
0.03546666667 0.2482666667 0.03546666667 1.113401609e-09 3.488266167e-07 1.557710663e-06 1.984681678e-05 1.972206758e-05 1.324362012e-05 -1.235329536e-05
0.1064 0.2482666667 0.03546666667 1.12918956e-09 1.811224072e-06 3.685029379e-06 2.195491304e-05 2.074584174e-05 1.040320461e-05 -9.575738288e-06
-0.03546666667 -0.2482666667 0.1064 1.673958339e-09 5.230229123e-07 1.463031021e-06 1.079227005e-05 3.633675958e-05 -1.411122164e-05 5.965279604e-06
0.03546666667 -0.2482666667 0.1064 1.673958339e-09 -5.230229123e-07 -1.463031021e-06 1.079227005e-05 3.633675958e-05 -1.411122164e-05 5.965279604e-06
-0.1773333333 -0.1773333333 0.1064 1.151505968e-09 1.515936862e-06 6.78177954e-06 9.907501686e-06 2.962103562e-05 -1.039990713e-05 4.415083363e-06
-0.1064 -0.1773333333 0.1064 1.31344286e-09 -6.816405537e-08 3.016750924e-06 8.493529587e-06 3.183414933e-05 -1.270887811e-05 7.567611014e-06
-0.03546666667 -0.1773333333 0.1064 1.954056272e-09 -2.403064063e-07 3.469666732e-07 9.719266941e-06 4.009179007e-05 -1.316070707e-05 8.880210995e-06
0.03546666667 -0.1773333333 0.1064 1.954056272e-09 2.403064063e-07 -3.469666732e-07 9.719266941e-06 4.009179007e-05 -1.316070707e-05 8.880210995e-06
0.1064 -0.1773333333 0.1064 1.31344286e-09 6.816405537e-08 -3.016750924e-06 8.493529587e-06 3.183414933e-05 -1.270887811e-05 7.567611014e-06
0.1773333333 -0.1773333333 0.1064 1.151505968e-09 -1.515936862e-06 -6.78177954e-06 9.907501686e-06 2.962103562e-05 -1.039990713e-05 4.415083363e-06
-0.1773333333 -0.1064 0.1064 1.326232556e-09 -2.589269684e-07 2.405346011e-06 1.016723681e-05 3.369653347e-05 -7.762288855e-06 4.614934769e-06
-0.1064 -0.1064 0.1064 1.762623741e-09 -2.371639491e-07 1.728841583e-06 9.70150661e-06 3.953675812e-05 -8.494432839e-06 5.490786758e-06
-0.03546666667 -0.1064 0.1064 2.194057084e-09 -1.410522023e-07 5.556232288e-07 9.920200214e-06 4.439447541e-05 -9.331440962e-06 6.113334756e-06
0.03546666667 -0.1064 0.1064 2.194057084e-09 1.410522023e-07 -5.556232288e-07 9.920200214e-06 4.439447541e-05 -9.331440962e-06 6.113334756e-06
0.1064 -0.1064 0.1064 1.762623741e-09 2.371639491e-07 -1.728841583e-06 9.70150661e-06 3.953675812e-05 -8.494432839e-06 5.490786758e-06
0.1773333333 -0.1064 0.1064 1.326232556e-09 2.589269684e-07 -2.405346011e-06 1.016723681e-05 3.369653347e-05 -7.762288855e-06 4.614934769e-06
-0.2482666667 -0.03546666667 0.1064 5.854050076e-10 3.083935114e-07 1.68097029e-06 8.244713923e-06 2.25653793e-05 -2.127564748e-06 8.865989849e-07
-0.1773333333 -0.03546666667 0.1064 1.301880659e-09 -3.113642531e-07 5.393702908e-07 9.791486293e-06 3.45821564e-05 -2.674495832e-06 1.59408844e-06
-0.1064 -0.03546666667 0.1064 1.91436698e-09 -1.340480774e-07 5.828421234e-07 1.00002625e-05 4.242300727e-05 -3.157953732e-06 2.078421947e-06
-0.03546666667 -0.03546666667 0.1064 2.314509301e-09 -4.749362821e-08 1.991505764e-07 1.013375963e-05 4.685761309e-05 -3.352519989e-06 2.213369877e-06
0.03546666667 -0.03546666667 0.1064 2.314509301e-09 4.749362821e-08 -1.991505764e-07 1.013375963e-05 4.685761309e-05 -3.352519989e-06 2.213369877e-06
0.1064 -0.03546666667 0.1064 1.91436698e-09 1.340480774e-07 -5.828421234e-07 1.00002625e-05 4.242300727e-05 -3.157953732e-06 2.078421947e-06
0.1773333333 -0.03546666667 0.1064 1.301880659e-09 3.113642531e-07 -5.393702908e-07 9.791486293e-06 3.45821564e-05 -2.674495832e-06 1.59408844e-06
0.2482666667 -0.03546666667 0.1064 5.854050076e-10 -3.083935114e-07 -1.68097029e-06 8.244713923e-06 2.25653793e-05 -2.127564748e-06 8.865989849e-07
-0.2482666667 0.03546666667 0.1064 5.854050076e-10 -3.083935114e-07 -1.68097029e-06 8.244713923e-06 2.25653793e-05 2.127564748e-06 -8.865989849e-07
-0.1773333333 0.03546666667 0.1064 1.301880659e-09 3.113642531e-07 -5.393702908e-07 9.791486293e-06 3.45821564e-05 2.674495832e-06 -1.59408844e-06
-0.1064 0.03546666667 0.1064 1.91436698e-09 1.340480774e-07 -5.828421234e-07 1.00002625e-05 4.242300727e-05 3.157953732e-06 -2.078421947e-06
-0.03546666667 0.03546666667 0.1064 2.314509301e-09 4.749362821e-08 -1.991505764e-07 1.013375963e-05 4.685761309e-05 3.352519989e-06 -2.213369877e-06
0.03546666667 0.03546666667 0.1064 2.314509301e-09 -4.749362821e-08 1.991505764e-07 1.013375963e-05 4.685761309e-05 3.352519989e-06 -2.213369877e-06
0.1064 0.03546666667 0.1064 1.91436698e-09 -1.340480774e-07 5.828421234e-07 1.00002625e-05 4.242300727e-05 3.157953732e-06 -2.078421947e-06
0.1773333333 0.03546666667 0.1064 1.301880659e-09 -3.113642531e-07 5.393702908e-07 9.791486293e-06 3.45821564e-05 2.674495832e-06 -1.59408844e-06
0.2482666667 0.03546666667 0.1064 5.854050076e-10 3.083935114e-07 1.68097029e-06 8.244713923e-06 2.25653793e-05 2.127564748e-06 -8.865989849e-07
-0.1773333333 0.1064 0.1064 1.326232556e-09 2.589269684e-07 -2.405346011e-06 1.016723681e-05 3.369653347e-05 7.762288855e-06 -4.614934769e-06
-0.1064 0.1064 0.1064 1.762623741e-09 2.371639491e-07 -1.728841583e-06 9.70150661e-06 3.953675812e-05 8.494432839e-06 -5.490786758e-06
-0.03546666667 0.1064 0.1064 2.194057084e-09 1.410522023e-07 -5.556232288e-07 9.920200214e-06 4.439447541e-05 9.331440962e-06 -6.113334756e-06
0.03546666667 0.1064 0.1064 2.194057084e-09 -1.410522023e-07 5.556232288e-07 9.920200214e-06 4.439447541e-05 9.331440962e-06 -6.113334756e-06
0.1064 0.1064 0.1064 1.762623741e-09 -2.371639491e-07 1.728841583e-06 9.70150661e-06 3.953675812e-05 8.494432839e-06 -5.490786758e-06
0.1773333333 0.1064 0.1064 1.326232556e-09 -2.589269684e-07 2.405346011e-06 1.016723681e-05 3.369653347e-05 7.762288855e-06 -4.614934769e-06
-0.1773333333 0.1773333333 0.1064 1.151505968e-09 -1.515936862e-06 -6.78177954e-06 9.907501686e-06 2.962103562e-05 1.039990713e-05 -4.415083363e-06
-0.1064 0.1773333333 0.1064 1.31344286e-09 6.816405537e-08 -3.016750924e-06 8.493529587e-06 3.183414933e-05 1.270887811e-05 -7.567611014e-06
-0.03546666667 0.1773333333 0.1064 1.954056272e-09 2.403064063e-07 -3.469666732e-07 9.719266941e-06 4.009179007e-05 1.316070707e-05 -8.880210995e-06
0.03546666667 0.1773333333 0.1064 1.954056272e-09 -2.403064063e-07 3.469666732e-07 9.719266941e-06 4.009179007e-05 1.316070707e-05 -8.880210995e-06
0.1064 0.1773333333 0.1064 1.31344286e-09 -6.816405537e-08 3.016750924e-06 8.493529587e-06 3.183414933e-05 1.270887811e-05 -7.567611014e-06
0.1773333333 0.1773333333 0.1064 1.151505968e-09 1.515936862e-06 6.78177954e-06 9.907501686e-06 2.962103562e-05 1.039990713e-05 -4.415083363e-06
-0.03546666667 0.2482666667 0.1064 1.673958339e-09 -5.230229123e-07 -1.463031021e-06 1.079227005e-05 3.633675958e-05 1.411122164e-05 -5.965279604e-06
0.03546666667 0.2482666667 0.1064 1.673958339e-09 5.230229123e-07 1.463031021e-06 1.079227005e-05 3.633675958e-05 1.411122164e-05 -5.965279604e-06
-0.1064 -0.1773333333 0.1773333333 1.765073099e-09 2.596214676e-08 4.549611204e-06 -5.041958424e-06 3.995609074e-05 -1.100795837e-05 -1.134805636e-06
-0.03546666667 -0.1773333333 0.1773333333 1.938959059e-09 -1.551893964e-07 1.74631647e-06 -6.74046841e-06 4.171554556e-05 -1.205366454e-05 2.230217316e-06
0.03546666667 -0.1773333333 0.1773333333 1.938959059e-09 1.551893964e-07 -1.74631647e-06 -6.74046841e-06 4.171554556e-05 -1.205366454e-05 2.230217316e-06
0.1064 -0.1773333333 0.1773333333 1.765073099e-09 -2.596214676e-08 -4.549611204e-06 -5.041958424e-06 3.995609074e-05 -1.100795837e-05 -1.134805636e-06
-0.1773333333 -0.1064 0.1773333333 1.337934181e-09 1.648281322e-07 4.504718433e-06 -5.320865612e-06 3.527822906e-05 -6.682857402e-06 -2.981354497e-07
-0.1064 -0.1064 0.1773333333 2.252748959e-09 -4.266119377e-07 2.203258228e-06 -8.147191992e-06 4.599599893e-05 -7.697852148e-06 2.539100563e-06
-0.03546666667 -0.1064 0.1773333333 2.51981394e-09 -3.13655929e-07 8.309215037e-07 -8.309253682e-06 4.845285585e-05 -9.509989517e-06 3.44416784e-06
0.03546666667 -0.1064 0.1773333333 2.51981394e-09 3.13655929e-07 -8.309215037e-07 -8.309253682e-06 4.845285585e-05 -9.509989517e-06 3.44416784e-06
0.1064 -0.1064 0.1773333333 2.252748959e-09 4.266119377e-07 -2.203258228e-06 -8.147191992e-06 4.599599893e-05 -7.697852148e-06 2.539100563e-06
0.1773333333 -0.1064 0.1773333333 1.337934181e-09 -1.648281322e-07 -4.504718433e-06 -5.320865612e-06 3.527822906e-05 -6.682857402e-06 -2.981354497e-07
-0.1773333333 -0.03546666667 0.1773333333 1.679639559e-09 -2.70885736e-07 1.419494037e-06 -6.867525662e-06 4.030591946e-05 -2.398796607e-06 2.587256523e-07
-0.1064 -0.03546666667 0.1773333333 2.276183075e-09 -2.075451088e-07 7.968797494e-07 -7.946591586e-06 4.68762948e-05 -3.494770432e-06 1.660189757e-06
-0.03546666667 -0.03546666667 0.1773333333 2.742721508e-09 -8.419461125e-09 1.41260511e-07 -8.81639918e-06 5.150023607e-05 -3.348492125e-06 1.218964082e-06
0.03546666667 -0.03546666667 0.1773333333 2.742721508e-09 8.419461125e-09 -1.41260511e-07 -8.81639918e-06 5.150023607e-05 -3.348492125e-06 1.218964082e-06
0.1064 -0.03546666667 0.1773333333 2.276183075e-09 2.075451088e-07 -7.968797494e-07 -7.946591586e-06 4.68762948e-05 -3.494770432e-06 1.660189757e-06
0.1773333333 -0.03546666667 0.1773333333 1.679639559e-09 2.70885736e-07 -1.419494037e-06 -6.867525662e-06 4.030591946e-05 -2.398796607e-06 2.587256523e-07
-0.1773333333 0.03546666667 0.1773333333 1.679639559e-09 2.70885736e-07 -1.419494037e-06 -6.867525662e-06 4.030591946e-05 2.398796607e-06 -2.587256523e-07
-0.1064 0.03546666667 0.1773333333 2.276183075e-09 2.075451088e-07 -7.968797494e-07 -7.946591586e-06 4.68762948e-05 3.494770432e-06 -1.660189757e-06
-0.03546666667 0.03546666667 0.1773333333 2.742721508e-09 8.419461125e-09 -1.41260511e-07 -8.81639918e-06 5.150023607e-05 3.348492125e-06 -1.218964082e-06
0.03546666667 0.03546666667 0.1773333333 2.742721508e-09 -8.419461125e-09 1.41260511e-07 -8.81639918e-06 5.150023607e-05 3.348492125e-06 -1.218964082e-06
0.1064 0.03546666667 0.1773333333 2.276183075e-09 -2.075451088e-07 7.968797494e-07 -7.946591586e-06 4.68762948e-05 3.494770432e-06 -1.660189757e-06
0.1773333333 0.03546666667 0.1773333333 1.679639559e-09 -2.70885736e-07 1.419494037e-06 -6.867525662e-06 4.030591946e-05 2.398796607e-06 -2.587256523e-07
-0.1773333333 0.1064 0.1773333333 1.337934181e-09 -1.648281322e-07 -4.504718433e-06 -5.320865612e-06 3.527822906e-05 6.682857402e-06 2.981354497e-07
-0.1064 0.1064 0.1773333333 2.252748959e-09 4.266119377e-07 -2.203258228e-06 -8.147191992e-06 4.599599893e-05 7.697852148e-06 -2.539100563e-06
-0.03546666667 0.1064 0.1773333333 2.51981394e-09 3.13655929e-07 -8.309215037e-07 -8.309253682e-06 4.845285585e-05 9.509989517e-06 -3.44416784e-06
0.03546666667 0.1064 0.1773333333 2.51981394e-09 -3.13655929e-07 8.309215037e-07 -8.309253682e-06 4.845285585e-05 9.509989517e-06 -3.44416784e-06
0.1064 0.1064 0.1773333333 2.252748959e-09 -4.266119377e-07 2.203258228e-06 -8.147191992e-06 4.599599893e-05 7.697852148e-06 -2.539100563e-06
0.1773333333 0.1064 0.1773333333 1.337934181e-09 1.648281322e-07 4.504718433e-06 -5.320865612e-06 3.527822906e-05 6.682857402e-06 2.981354497e-07
-0.1064 0.1773333333 0.1773333333 1.765073099e-09 -2.596214676e-08 -4.549611204e-06 -5.041958424e-06 3.995609074e-05 1.100795837e-05 1.134805636e-06
-0.03546666667 0.1773333333 0.1773333333 1.938959059e-09 1.551893964e-07 -1.74631647e-06 -6.74046841e-06 4.171554556e-05 1.205366454e-05 -2.230217316e-06
0.03546666667 0.1773333333 0.1773333333 1.938959059e-09 -1.551893964e-07 1.74631647e-06 -6.74046841e-06 4.171554556e-05 1.205366454e-05 -2.230217316e-06
0.1064 0.1773333333 0.1773333333 1.765073099e-09 2.596214676e-08 4.549611204e-06 -5.041958424e-06 3.995609074e-05 1.100795837e-05 1.134805636e-06
-0.03546666667 -0.1064 0.2482666667 2.156124507e-09 -2.503429113e-07 1.154955049e-06 -2.271619335e-05 3.980842628e-05 -6.709710244e-06 -2.995239382e-06
0.03546666667 -0.1064 0.2482666667 2.156124507e-09 2.503429113e-07 -1.154955049e-06 -2.271619335e-05 3.980842628e-05 -6.709710244e-06 -2.995239382e-06
-0.1064 -0.03546666667 0.2482666667 1.709048433e-09 -1.849721862e-07 1.134148628e-06 -2.124131703e-05 3.535202415e-05 -2.438224336e-06 -9.076489074e-07
-0.03546666667 -0.03546666667 0.2482666667 2.666898308e-09 4.005479668e-07 -3.929043582e-07 -2.624088469e-05 4.44202874e-05 -2.118774261e-06 -5.901939154e-07
0.03546666667 -0.03546666667 0.2482666667 2.666898308e-09 -4.005479668e-07 3.929043582e-07 -2.624088469e-05 4.44202874e-05 -2.118774261e-06 -5.901939154e-07
0.1064 -0.03546666667 0.2482666667 1.709048433e-09 1.849721862e-07 -1.134148628e-06 -2.124131703e-05 3.535202415e-05 -2.438224336e-06 -9.076489074e-07
-0.1064 0.03546666667 0.2482666667 1.709048433e-09 1.849721862e-07 -1.134148628e-06 -2.124131703e-05 3.535202415e-05 2.438224336e-06 9.076489074e-07
-0.03546666667 0.03546666667 0.2482666667 2.666898308e-09 -4.005479668e-07 3.929043582e-07 -2.624088469e-05 4.44202874e-05 2.118774261e-06 5.901939154e-07
0.03546666667 0.03546666667 0.2482666667 2.666898308e-09 4.005479668e-07 -3.929043582e-07 -2.624088469e-05 4.44202874e-05 2.118774261e-06 5.901939154e-07
0.1064 0.03546666667 0.2482666667 1.709048433e-09 -1.849721862e-07 1.134148628e-06 -2.124131703e-05 3.535202415e-05 2.438224336e-06 9.076489074e-07
-0.03546666667 0.1064 0.2482666667 2.156124507e-09 2.503429113e-07 -1.154955049e-06 -2.271619335e-05 3.980842628e-05 6.709710244e-06 2.995239382e-06
0.03546666667 0.1064 0.2482666667 2.156124507e-09 -2.503429113e-07 1.154955049e-06 -2.271619335e-05 3.980842628e-05 6.709710244e-06 2.995239382e-06
