x y z |P|^2 Px.r Px.i Py.r Py.i Pz.r Pz.i
-0.1418666667 -0.1418666667 -0.1418666667 6.825116312e-10 1.695997708e-05 -1.869645547e-05 4.144783995e-06 -1.280689258e-07 4.074162302e-06 3.393954469e-06
-0.07093333333 -0.1418666667 -0.1418666667 8.631969819e-10 1.852983366e-05 -2.258630821e-05 1.804875788e-06 2.403671916e-07 1.646561318e-06 1.916875202e-06
0 -0.1418666667 -0.1418666667 9.120271801e-10 1.889556818e-05 -2.35581129e-05 1.725349031e-23 3.216254717e-22 -1.638971342e-22 -1.469859503e-22
0.07093333333 -0.1418666667 -0.1418666667 8.631969819e-10 1.852983366e-05 -2.258630821e-05 -1.804875788e-06 -2.403671916e-07 -1.646561318e-06 -1.916875202e-06
0.1418666667 -0.1418666667 -0.1418666667 6.825116312e-10 1.695997708e-05 -1.869645547e-05 -4.144783995e-06 1.280689258e-07 -4.074162302e-06 -3.393954469e-06
-0.1418666667 -0.07093333333 -0.1418666667 6.303053603e-10 1.70158371e-05 -1.732228129e-05 2.199170417e-06 2.956534261e-07 4.541935616e-06 3.892592717e-06
-0.07093333333 -0.07093333333 -0.1418666667 8.344789036e-10 1.926928218e-05 -2.131357417e-05 1.097440923e-06 1.933687469e-07 1.736038036e-06 2.156299556e-06
0 -0.07093333333 -0.1418666667 8.976578237e-10 1.992232475e-05 -2.237764063e-05 3.215116218e-22 5.280926939e-23 3.081016343e-22 -4.78978146e-22
0.07093333333 -0.07093333333 -0.1418666667 8.344789036e-10 1.926928218e-05 -2.131357417e-05 -1.097440923e-06 -1.933687469e-07 -1.736038036e-06 -2.156299556e-06
0.1418666667 -0.07093333333 -0.1418666667 6.303053603e-10 1.70158371e-05 -1.732228129e-05 -2.199170417e-06 -2.956534261e-07 -4.541935616e-06 -3.892592717e-06
-0.1418666667 0 -0.1418666667 6.28772468e-10 1.729223921e-05 -1.70530437e-05 7.448816206e-22 -7.114456506e-24 4.708561914e-06 4.095616712e-06
-0.07093333333 0 -0.1418666667 8.333673368e-10 1.963051798e-05 -2.09685589e-05 8.495135682e-23 -4.0086888e-23 1.796854342e-06 2.25852889e-06
0 0 -0.1418666667 8.995661407e-10 2.035023387e-05 -2.203256957e-05 -2.577346158e-22 -2.517539915e-23 1.244174779e-21 3.201496373e-22
0.07093333333 0 -0.1418666667 8.333673368e-10 1.963051798e-05 -2.09685589e-05 -1.504641732e-22 -4.458255858e-23 -1.796854342e-06 -2.25852889e-06
0.1418666667 0 -0.1418666667 6.28772468e-10 1.729223921e-05 -1.70530437e-05 -6.681074631e-22 -1.543826437e-22 -4.708561914e-06 -4.095616712e-06
-0.1418666667 0.07093333333 -0.1418666667 6.303053603e-10 1.70158371e-05 -1.732228129e-05 -2.199170417e-06 -2.956534261e-07 4.541935616e-06 3.892592717e-06
-0.07093333333 0.07093333333 -0.1418666667 8.344789036e-10 1.926928218e-05 -2.131357417e-05 -1.097440923e-06 -1.933687469e-07 1.736038036e-06 2.156299556e-06
0 0.07093333333 -0.1418666667 8.976578237e-10 1.992232475e-05 -2.237764063e-05 -8.986247738e-22 1.246972089e-22 3.184817462e-22 1.332651075e-22
0.07093333333 0.07093333333 -0.1418666667 8.344789036e-10 1.926928218e-05 -2.131357417e-05 1.097440923e-06 1.933687469e-07 -1.736038036e-06 -2.156299556e-06
0.1418666667 0.07093333333 -0.1418666667 6.303053603e-10 1.70158371e-05 -1.732228129e-05 2.199170417e-06 2.956534261e-07 -4.541935616e-06 -3.892592717e-06
-0.1418666667 0.1418666667 -0.1418666667 6.825116312e-10 1.695997708e-05 -1.869645547e-05 -4.144783995e-06 1.280689258e-07 4.074162302e-06 3.393954469e-06
-0.07093333333 0.1418666667 -0.1418666667 8.631969819e-10 1.852983366e-05 -2.258630821e-05 -1.804875788e-06 -2.403671916e-07 1.646561318e-06 1.916875202e-06
0 0.1418666667 -0.1418666667 9.120271801e-10 1.889556818e-05 -2.35581129e-05 -5.128603875e-22 -3.646480174e-23 -4.751482864e-22 3.175063189e-22
0.07093333333 0.1418666667 -0.1418666667 8.631969819e-10 1.852983366e-05 -2.258630821e-05 1.804875788e-06 2.403671916e-07 -1.646561318e-06 -1.916875202e-06
0.1418666667 0.1418666667 -0.1418666667 6.825116312e-10 1.695997708e-05 -1.869645547e-05 4.144783995e-06 -1.280689258e-07 -4.074162302e-06 -3.393954469e-06
-0.1418666667 -0.1418666667 -0.07093333333 6.835773377e-10 2.386587666e-05 -6.04769849e-06 4.89821502e-06 8.792356963e-07 1.925517696e-06 6.996386772e-06
-0.07093333333 -0.1418666667 -0.07093333333 8.188108321e-10 2.729140827e-05 -7.642608983e-06 1.970767416e-06 5.441592972e-07 7.71849476e-07 3.287036593e-06
0 -0.1418666667 -0.07093333333 8.588867054e-10 2.817636105e-05 -8.060979045e-06 -6.319864505e-23 1.742994144e-22 -2.608772392e-22 -2.874429338e-22
0.07093333333 -0.1418666667 -0.07093333333 8.188108321e-10 2.729140827e-05 -7.642608983e-06 -1.970767416e-06 -5.441592972e-07 -7.71849476e-07 -3.287036593e-06
0.1418666667 -0.1418666667 -0.07093333333 6.835773377e-10 2.386587666e-05 -6.04769849e-06 -4.89821502e-06 -8.792356963e-07 -1.925517696e-06 -6.996386772e-06
-0.1418666667 -0.07093333333 -0.07093333333 6.690503279e-10 2.382409949e-05 -4.734592086e-06 2.565580583e-06 7.71971423e-07 2.237725677e-06 8.176838577e-06
-0.07093333333 -0.07093333333 -0.07093333333 8.605776559e-10 2.840655364e-05 -6.058945399e-06 1.230315915e-06 3.893651855e-07 8.576385566e-07 3.812311655e-06
0 -0.07093333333 -0.07093333333 9.257883547e-10 2.974133718e-05 -6.421932527e-06 3.622155988e-23 8.264580416e-24 7.045694511e-23 -4.257530772e-22
0.07093333333 -0.07093333333 -0.07093333333 8.605776559e-10 2.840655364e-05 -6.058945399e-06 -1.230315915e-06 -3.893651855e-07 -8.576385566e-07 -3.812311655e-06
0.1418666667 -0.07093333333 -0.07093333333 6.690503279e-10 2.382409949e-05 -4.734592086e-06 -2.565580583e-06 -7.71971423e-07 -2.237725677e-06 -8.176838577e-06
-0.1418666667 0 -0.07093333333 6.81700004e-10 2.417275947e-05 -4.35493631e-06 4.063081887e-22 -1.140541532e-23 2.32653671e-06 8.543972175e-06
-0.07093333333 0 -0.07093333333 8.839186529e-10 2.892173479e-05 -5.537722958e-06 -7.889545791e-23 -7.817832921e-23 8.895478305e-07 3.999279805e-06
0 0 -0.07093333333 9.563751214e-10 3.036422647e-05 -5.864202617e-06 -2.812311607e-22 1.378336736e-22 5.630643161e-22 -3.955129244e-22
0.07093333333 0 -0.07093333333 8.839186529e-10 2.892173479e-05 -5.537722958e-06 -6.487726593e-22 1.205504213e-22 -8.895478305e-07 -3.999279805e-06
0.1418666667 0 -0.07093333333 6.81700004e-10 2.417275947e-05 -4.35493631e-06 -9.224412969e-22 -7.165578011e-23 -2.32653671e-06 -8.543972175e-06
-0.1418666667 0.07093333333 -0.07093333333 6.690503279e-10 2.382409949e-05 -4.734592086e-06 -2.565580583e-06 -7.71971423e-07 2.237725677e-06 8.176838577e-06
-0.07093333333 0.07093333333 -0.07093333333 8.605776559e-10 2.840655364e-05 -6.058945399e-06 -1.230315915e-06 -3.893651855e-07 8.576385566e-07 3.812311655e-06
0 0.07093333333 -0.07093333333 9.257883547e-10 2.974133718e-05 -6.421932527e-06 -5.822576556e-22 2.374416175e-22 3.697989577e-22 -2.833171516e-24
0.07093333333 0.07093333333 -0.07093333333 8.605776559e-10 2.840655364e-05 -6.058945399e-06 1.230315915e-06 3.893651855e-07 -8.576385566e-07 -3.812311655e-06
0.1418666667 0.07093333333 -0.07093333333 6.690503279e-10 2.382409949e-05 -4.734592086e-06 2.565580583e-06 7.71971423e-07 -2.237725677e-06 -8.176838577e-06
-0.1418666667 0.1418666667 -0.07093333333 6.835773377e-10 2.386587666e-05 -6.04769849e-06 -4.89821502e-06 -8.792356963e-07 1.925517696e-06 6.996386772e-06
-0.07093333333 0.1418666667 -0.07093333333 8.188108321e-10 2.729140827e-05 -7.642608983e-06 -1.970767416e-06 -5.441592972e-07 7.71849476e-07 3.287036593e-06
0 0.1418666667 -0.07093333333 8.588867054e-10 2.817636105e-05 -8.060979045e-06 1.028412021e-22 3.366908697e-23 -1.044245767e-21 5.097126439e-22
0.07093333333 0.1418666667 -0.07093333333 8.188108321e-10 2.729140827e-05 -7.642608983e-06 1.970767416e-06 5.441592972e-07 -7.71849476e-07 -3.287036593e-06
0.1418666667 0.1418666667 -0.07093333333 6.835773377e-10 2.386587666e-05 -6.04769849e-06 4.89821502e-06 8.792356963e-07 -1.925517696e-06 -6.996386772e-06
-0.1418666667 -0.1418666667 0 8.111440672e-10 2.579593982e-05 7.600682046e-06 5.156073004e-06 2.530856281e-06 -1.443044793e-06 7.271209525e-06
-0.07093333333 -0.1418666667 0 9.754106353e-10 2.961351811e-05 9.012972149e-06 2.051771787e-06 1.082009531e-06 -7.345170922e-07 3.361024571e-06
0 -0.1418666667 0 1.026808947e-09 3.062148224e-05 9.441068391e-06 2.561417302e-22 -3.488823241e-22 -1.945113086e-22 -6.464895399e-22
0.07093333333 -0.1418666667 0 9.754106353e-10 2.961351811e-05 9.012972149e-06 -2.051771787e-06 -1.082009531e-06 7.345170922e-07 -3.361024571e-06
0.1418666667 -0.1418666667 0 8.111440672e-10 2.579593982e-05 7.600682046e-06 -5.156073004e-06 -2.530856281e-06 1.443044793e-06 -7.271209525e-06
-0.1418666667 -0.07093333333 0 8.242946132e-10 2.571057954e-05 8.785654214e-06 2.678965568e-06 1.511640188e-06 -1.60172107e-06 8.604973553e-06
-0.07093333333 -0.07093333333 0 1.087511025e-09 3.078665004e-05 1.100975346e-05 1.27599908e-06 7.045728815e-07 -8.143703245e-07 3.96115355e-06
0 -0.07093333333 0 1.179469844e-09 3.228768252e-05 1.170364907e-05 3.671323319e-22 -2.45833889e-22 -2.886012752e-22 -6.918878046e-22
0.07093333333 -0.07093333333 0 1.087511025e-09 3.078665004e-05 1.100975346e-05 -1.27599908e-06 -7.045728815e-07 8.143703245e-07 -3.96115355e-06
0.1418666667 -0.07093333333 0 8.242946132e-10 2.571057954e-05 8.785654214e-06 -2.678965568e-06 -1.511640188e-06 1.60172107e-06 -8.604973553e-06
-0.1418666667 0 0 8.501138489e-10 2.607196686e-05 9.301365427e-06 3.001393413e-22 -5.112028283e-23 -1.65678435e-06 9.005890291e-06
-0.07093333333 0 0 1.137524367e-09 3.133185858e-05 1.173669266e-05 -2.861438693e-22 1.427188762e-22 -8.436037219e-07 4.168618813e-06
0 0 0 1.242426543e-09 3.295161381e-05 1.251469896e-05 -4.247475967e-22 4.066734544e-22 2.920052335e-23 -1.098001942e-22
0.07093333333 0 0 1.137524367e-09 3.133185858e-05 1.173669266e-05 -5.028599546e-22 1.950487615e-22 8.436037219e-07 -4.168618813e-06
0.1418666667 0 0 8.501138489e-10 2.607196686e-05 9.301365427e-06 -8.037470092e-22 -9.473025614e-23 1.65678435e-06 -9.005890291e-06
-0.1418666667 0.07093333333 0 8.242946132e-10 2.571057954e-05 8.785654214e-06 -2.678965568e-06 -1.511640188e-06 -1.60172107e-06 8.604973553e-06
-0.07093333333 0.07093333333 0 1.087511025e-09 3.078665004e-05 1.100975346e-05 -1.27599908e-06 -7.045728815e-07 -8.143703245e-07 3.96115355e-06
0 0.07093333333 0 1.179469844e-09 3.228768252e-05 1.170364907e-05 -7.734207039e-22 8.540199048e-22 -6.064699913e-22 -2.969335254e-22
0.07093333333 0.07093333333 0 1.087511025e-09 3.078665004e-05 1.100975346e-05 1.27599908e-06 7.045728815e-07 8.143703245e-07 -3.96115355e-06
0.1418666667 0.07093333333 0 8.242946132e-10 2.571057954e-05 8.785654214e-06 2.678965568e-06 1.511640188e-06 1.60172107e-06 -8.604973553e-06
-0.1418666667 0.1418666667 0 8.111440672e-10 2.579593982e-05 7.600682046e-06 -5.156073004e-06 -2.530856281e-06 -1.443044793e-06 7.271209525e-06
-0.07093333333 0.1418666667 0 9.754106353e-10 2.961351811e-05 9.012972149e-06 -2.051771787e-06 -1.082009531e-06 -7.345170922e-07 3.361024571e-06
0 0.1418666667 0 1.026808947e-09 3.062148224e-05 9.441068391e-06 -1.408448746e-22 4.09825444e-22 -7.823895617e-22 1.543513064e-22
0.07093333333 0.1418666667 0 9.754106353e-10 2.961351811e-05 9.012972149e-06 2.051771787e-06 1.082009531e-06 7.345170922e-07 -3.361024571e-06
0.1418666667 0.1418666667 0 8.111440672e-10 2.579593982e-05 7.600682046e-06 5.156073004e-06 2.530856281e-06 1.443044793e-06 -7.271209525e-06
-0.1418666667 -0.1418666667 0.07093333333 9.752171671e-10 2.201211903e-05 2.034758345e-05 4.686983996e-06 4.006627935e-06 -4.477860368e-06 4.311323516e-06
-0.07093333333 -0.1418666667 0.07093333333 1.232759072e-09 2.488005049e-05 2.448294312e-05 1.910032974e-06 1.564159223e-06 -2.072252073e-06 1.984592501e-06
0 -0.1418666667 0.07093333333 1.312653087e-09 2.559035333e-05 2.564735665e-05 4.692932794e-23 -2.646851111e-22 -3.331686836e-22 6.669229061e-22
0.07093333333 -0.1418666667 0.07093333333 1.232759072e-09 2.488005049e-05 2.448294312e-05 -1.910032974e-06 -1.564159223e-06 2.072252073e-06 -1.984592501e-06
0.1418666667 -0.1418666667 0.07093333333 9.752171671e-10 2.201211903e-05 2.034758345e-05 -4.686983996e-06 -4.006627935e-06 4.477860368e-06 -4.311323516e-06
-0.1418666667 -0.07093333333 0.07093333333 9.963342782e-10 2.187693901e-05 2.130950335e-05 2.463654986e-06 2.151738693e-06 -5.048872391e-06 5.239102714e-06
-0.07093333333 -0.07093333333 0.07093333333 1.390877997e-09 2.579001747e-05 2.668704251e-05 1.192831647e-06 9.828789983e-07 -2.289383695e-06 2.434046371e-06
0 -0.07093333333 0.07093333333 1.52410644e-09 2.691059384e-05 2.828296978e-05 -1.081043399e-22 -2.397632947e-22 -6.47397651e-22 4.670281855e-22
0.07093333333 -0.07093333333 0.07093333333 1.390877997e-09 2.579001747e-05 2.668704251e-05 -1.192831647e-06 -9.828789983e-07 2.289383695e-06 -2.434046371e-06
0.1418666667 -0.07093333333 0.07093333333 9.963342782e-10 2.187693901e-05 2.130950335e-05 -2.463654986e-06 -2.151738693e-06 5.048872391e-06 -5.239102714e-06
-0.1418666667 0 0.07093333333 1.029589658e-09 2.217205926e-05 2.191608261e-05 4.629113756e-22 -1.2774394e-22 -5.229906158e-06 5.506618824e-06
-0.07093333333 0 0.07093333333 1.458795972e-09 2.6227009e-05 2.754347001e-05 -3.74485099e-22 -1.044665817e-23 -2.370640099e-06 2.584046573e-06
0 0 0.07093333333 1.609142876e-09 2.744431734e-05 2.925666287e-05 -6.418735234e-22 1.598310374e-22 -4.670751319e-22 -7.64384921e-23
0.07093333333 0 0.07093333333 1.458795972e-09 2.6227009e-05 2.754347001e-05 -4.4962167e-22 1.275441805e-22 2.370640099e-06 -2.584046573e-06
0.1418666667 0 0.07093333333 1.029589658e-09 2.217205926e-05 2.191608261e-05 -4.040420723e-22 -1.32642134e-22 5.229906158e-06 -5.506618824e-06
-0.1418666667 0.07093333333 0.07093333333 9.963342782e-10 2.187693901e-05 2.130950335e-05 -2.463654986e-06 -2.151738693e-06 -5.048872391e-06 5.239102714e-06
-0.07093333333 0.07093333333 0.07093333333 1.390877997e-09 2.579001747e-05 2.668704251e-05 -1.192831647e-06 -9.828789983e-07 -2.289383695e-06 2.434046371e-06
0 0.07093333333 0.07093333333 1.52410644e-09 2.691059384e-05 2.828296978e-05 -6.522053858e-22 2.67568818e-23 -4.536704528e-23 4.333794346e-22
0.07093333333 0.07093333333 0.07093333333 1.390877997e-09 2.579001747e-05 2.668704251e-05 1.192831647e-06 9.828789983e-07 2.289383695e-06 -2.434046371e-06
0.1418666667 0.07093333333 0.07093333333 9.963342782e-10 2.187693901e-05 2.130950335e-05 2.463654986e-06 2.151738693e-06 5.048872391e-06 -5.239102714e-06
-0.1418666667 0.1418666667 0.07093333333 9.752171671e-10 2.201211903e-05 2.034758345e-05 -4.686983996e-06 -4.006627935e-06 -4.477860368e-06 4.311323516e-06
-0.07093333333 0.1418666667 0.07093333333 1.232759072e-09 2.488005049e-05 2.448294312e-05 -1.910032974e-06 -1.564159223e-06 -2.072252073e-06 1.984592501e-06
0 0.1418666667 0.07093333333 1.312653087e-09 2.559035333e-05 2.564735665e-05 -1.337733458e-22 4.909445438e-22 -3.565065897e-22 5.04435e-22
0.07093333333 0.1418666667 0.07093333333 1.232759072e-09 2.488005049e-05 2.448294312e-05 1.910032974e-06 1.564159223e-06 2.072252073e-06 -1.984592501e-06
0.1418666667 0.1418666667 0.07093333333 9.752171671e-10 2.201211903e-05 2.034758345e-05 4.686983996e-06 4.006627935e-06 4.477860368e-06 -4.311323516e-06
-0.1418666667 -0.1418666667 0.1418666667 1.200853541e-09 1.34091974e-05 3.084158941e-05 3.863156221e-06 4.692135209e-06 -5.61169382e-06 -1.188323225e-06
-0.07093333333 -0.1418666667 0.1418666667 1.517305268e-09 1.395560666e-05 3.619279866e-05 1.74106481e-06 1.850444542e-06 -2.477711971e-06 -1.820091327e-07
0 -0.1418666667 0.1418666667 1.60782825e-09 1.402081628e-05 3.756654045e-05 7.348008152e-23 1.963824679e-22 -5.971575636e-22 7.176892258e-22
0.07093333333 -0.1418666667 0.1418666667 1.517305268e-09 1.395560666e-05 3.619279866e-05 -1.74106481e-06 -1.850444542e-06 2.477711971e-06 1.820091327e-07
0.1418666667 -0.1418666667 0.1418666667 1.200853541e-09 1.34091974e-05 3.084158941e-05 -3.863156221e-06 -4.692135209e-06 5.61169382e-06 1.188323225e-06
-0.1418666667 -0.07093333333 0.1418666667 1.223619057e-09 1.328587267e-05 3.159133643e-05 2.057008106e-06 2.375848036e-06 -6.180079052e-06 -1.011332332e-06
-0.07093333333 -0.07093333333 0.1418666667 1.667349989e-09 1.433443046e-05 3.8113642e-05 1.049771991e-06 1.103285115e-06 -2.627462866e-06 3.956245505e-08
0 -0.07093333333 0.1418666667 1.807548604e-09 1.462310477e-05 3.99213403e-05 -9.865833957e-23 4.882789143e-23 -1.136290357e-21 2.553198329e-22
0.07093333333 -0.07093333333 0.1418666667 1.667349989e-09 1.433443046e-05 3.8113642e-05 -1.049771991e-06 -1.103285115e-06 2.627462866e-06 -3.956245505e-08
0.1418666667 -0.07093333333 0.1418666667 1.223619057e-09 1.328587267e-05 3.159133643e-05 -2.057008106e-06 -2.375848036e-06 6.180079052e-06 1.011332332e-06
-0.1418666667 0 0.1418666667 1.260844021e-09 1.346481938e-05 3.22131193e-05 4.985830312e-23 -1.274327194e-22 -6.394495079e-06 -9.838892275e-07
-0.07093333333 0 0.1418666667 1.73564968e-09 1.455702453e-05 3.894042628e-05 -5.134306588e-22 1.38491742e-22 -2.716343153e-06 8.600572709e-08
0 0 0.1418666667 1.891167527e-09 1.489475627e-05 4.085723635e-05 -5.840723293e-22 3.406251323e-22 -3.965598225e-22 -8.453473919e-23
0.07093333333 0 0.1418666667 1.73564968e-09 1.455702453e-05 3.894042628e-05 -4.456861466e-22 3.52373638e-22 2.716343153e-06 -8.600572709e-08
0.1418666667 0 0.1418666667 1.260844021e-09 1.346481938e-05 3.22131193e-05 -2.110492829e-22 8.558338263e-23 6.394495079e-06 9.838892275e-07
-0.1418666667 0.07093333333 0.1418666667 1.223619057e-09 1.328587267e-05 3.159133643e-05 -2.057008106e-06 -2.375848036e-06 -6.180079052e-06 -1.011332332e-06
-0.07093333333 0.07093333333 0.1418666667 1.667349989e-09 1.433443046e-05 3.8113642e-05 -1.049771991e-06 -1.103285115e-06 -2.627462866e-06 3.956245505e-08
0 0.07093333333 0.1418666667 1.807548604e-09 1.462310477e-05 3.99213403e-05 -3.157984294e-22 2.090055266e-22 -8.827292137e-24 -1.979150119e-22
0.07093333333 0.07093333333 0.1418666667 1.667349989e-09 1.433443046e-05 3.8113642e-05 1.049771991e-06 1.103285115e-06 2.627462866e-06 -3.956245505e-08
0.1418666667 0.07093333333 0.1418666667 1.223619057e-09 1.328587267e-05 3.159133643e-05 2.057008106e-06 2.375848036e-06 6.180079052e-06 1.011332332e-06
-0.1418666667 0.1418666667 0.1418666667 1.200853541e-09 1.34091974e-05 3.084158941e-05 -3.863156221e-06 -4.692135209e-06 -5.61169382e-06 -1.188323225e-06
-0.07093333333 0.1418666667 0.1418666667 1.517305268e-09 1.395560666e-05 3.619279866e-05 -1.74106481e-06 -1.850444542e-06 -2.477711971e-06 -1.820091327e-07
0 0.1418666667 0.1418666667 1.60782825e-09 1.402081628e-05 3.756654045e-05 2.662675032e-22 -6.385147802e-22 9.484824926e-23 -4.792039803e-23
0.07093333333 0.1418666667 0.1418666667 1.517305268e-09 1.395560666e-05 3.619279866e-05 1.74106481e-06 1.850444542e-06 2.477711971e-06 1.820091327e-07
0.1418666667 0.1418666667 0.1418666667 1.200853541e-09 1.34091974e-05 3.084158941e-05 3.863156221e-06 4.692135209e-06 5.61169382e-06 1.188323225e-06
