x y z |E|^2 Ex.r Ex.i Ey.r Ey.i Ez.r Ez.i
-0.1418666667 -0.1418666667 -0.1418666667 0.5415113272 0.1167483218 -0.003607385132 0.4777206398 -0.5266329447 0.1147590833 0.09559930966
-0.07093333333 -0.1418666667 -0.1418666667 0.5000903671 0.06194519566 0.008327826343 0.4792940787 -0.4879258542 0.1279351015 0.1096447168
0 -0.1418666667 -0.1418666667 0.4988741556 -4.650716789e-18 1.01926876e-17 0.487079643 -0.4803420966 0.1326285525 0.115363401
0.07093333333 -0.1418666667 -0.1418666667 0.5000903671 -0.06194519566 -0.008327826343 0.4792940787 -0.4879258542 0.1279351015 0.1096447168
0.1418666667 -0.1418666667 -0.1418666667 0.5415113272 -0.1167483218 0.003607385132 0.4777206398 -0.5266329447 0.1147590833 0.09559930966
-0.1418666667 -0.07093333333 -0.1418666667 0.6848688314 0.05083889042 0.006770549751 0.5219396201 -0.636200483 0.04637956305 0.05399363713
-0.07093333333 -0.07093333333 -0.1418666667 0.6620836305 0.0309121986 0.005446719713 0.5427680574 -0.6003507105 0.04889990108 0.06073762946
0 -0.07093333333 -0.1418666667 0.6612017026 1.141487988e-17 1.723680752e-18 0.552943177 -0.590632483 0.05061294612 0.06361717714
0.07093333333 -0.07093333333 -0.1418666667 0.6620836305 -0.0309121986 -0.005446719713 0.5427680574 -0.6003507105 0.04889990108 0.06073762946
0.1418666667 -0.07093333333 -0.1418666667 0.6848688314 -0.05083889042 -0.006770549751 0.5219396201 -0.636200483 0.04637956305 0.05399363713
-0.1418666667 0 -0.1418666667 0.7236111828 7.802659918e-18 9.721127387e-18 0.5322414576 -0.6635738193 1.506726489e-18 7.329362399e-18
-0.07093333333 0 -0.1418666667 0.7122103965 4.129893993e-18 1.271969529e-17 0.5611626527 -0.6303228329 5.476555907e-19 8.900135595e-18
0 0 -0.1418666667 0.7137244737 2.19023298e-18 7.308789449e-18 0.5732157951 -0.620603034 -1.503475987e-18 5.407479528e-18
0.07093333333 0 -0.1418666667 0.7122103965 3.493026188e-18 3.488675106e-18 0.5611626527 -0.6303228329 -6.516005968e-18 2.779349557e-19
0.1418666667 0 -0.1418666667 0.7236111828 -7.748083661e-19 -1.485808676e-19 0.5322414576 -0.6635738193 -1.05744042e-17 -4.859833402e-18
-0.1418666667 0.07093333333 -0.1418666667 0.6848688314 -0.05083889042 -0.006770549751 0.5219396201 -0.636200483 -0.04637956305 -0.05399363713
-0.07093333333 0.07093333333 -0.1418666667 0.6620836305 -0.0309121986 -0.005446719713 0.5427680574 -0.6003507105 -0.04889990108 -0.06073762946
0 0.07093333333 -0.1418666667 0.6612017026 -2.035982573e-17 1.340518354e-17 0.552943177 -0.590632483 -0.05061294612 -0.06361717714
0.07093333333 0.07093333333 -0.1418666667 0.6620836305 0.0309121986 0.005446719713 0.5427680574 -0.6003507105 -0.04889990108 -0.06073762946
0.1418666667 0.07093333333 -0.1418666667 0.6848688314 0.05083889042 0.006770549751 0.5219396201 -0.636200483 -0.04637956305 -0.05399363713
-0.1418666667 0.1418666667 -0.1418666667 0.5415113272 -0.1167483218 0.003607385132 0.4777206398 -0.5266329447 -0.1147590833 -0.09559930966
-0.07093333333 0.1418666667 -0.1418666667 0.5000903671 -0.06194519566 -0.008327826343 0.4792940787 -0.4879258542 -0.1279351015 -0.1096447168
0 0.1418666667 -0.1418666667 0.4988741556 -1.445877354e-17 -5.827566093e-18 0.487079643 -0.4803420966 -0.1326285525 -0.115363401
0.07093333333 0.1418666667 -0.1418666667 0.5000903671 0.06194519566 0.008327826343 0.4792940787 -0.4879258542 -0.1279351015 -0.1096447168
0.1418666667 0.1418666667 -0.1418666667 0.5415113272 0.1167483218 -0.003607385132 0.4777206398 -0.5266329447 -0.1147590833 -0.09559930966
-0.1418666667 -0.1418666667 -0.07093333333 0.542356869 0.1379706118 0.02476589664 0.6722427638 -0.1703487203 0.05423707482 0.1970709247
-0.07093333333 -0.1418666667 -0.07093333333 0.530830999 0.0722660645 0.02174452715 0.6710660044 -0.1333617581 0.06303120204 0.2303213346
0 -0.1418666667 -0.07093333333 0.5408673744 1.588721208e-17 -7.837459661e-18 0.6808868941 -0.1226677932 0.06553278937 0.2406625808
0.07093333333 -0.1418666667 -0.07093333333 0.530830999 -0.0722660645 -0.02174452715 0.6710660044 -0.1333617581 0.06303120204 0.2303213346
0.1418666667 -0.1418666667 -0.07093333333 0.542356869 -0.1379706118 -0.02476589664 0.6722427638 -0.1703487203 0.05423707482 0.1970709247
-0.1418666667 -0.07093333333 -0.07093333333 0.649652431 0.05551164759 0.01532762258 0.7687315236 -0.2152734073 0.02174109221 0.0925876973
-0.07093333333 -0.07093333333 -0.07093333333 0.6827906328 0.03465495874 0.01096745501 0.8001424129 -0.1706655179 0.02415755859 0.1073833977
0 -0.07093333333 -0.07093333333 0.7013096055 -4.721592001e-18 8.602626229e-18 0.8146537924 -0.1559839699 0.02505636398 0.1126498284
0.07093333333 -0.07093333333 -0.07093333333 0.6827906328 -0.03465495874 -0.01096745501 0.8001424129 -0.1706655179 0.02415755859 0.1073833977
0.1418666667 -0.07093333333 -0.07093333333 0.649652431 -0.05551164759 -0.01532762258 0.7687315236 -0.2152734073 0.02174109221 0.0925876973
-0.1418666667 0 -0.07093333333 0.6814490164 5.370781996e-18 1.150962885e-17 0.7936584565 -0.227057858 -5.571998194e-19 1.188990205e-17
-0.07093333333 0 -0.07093333333 0.7345294318 1.760038596e-19 1.743588001e-17 0.8377399663 -0.1808899683 -6.571426834e-18 1.326998866e-17
0 0 -0.07093333333 0.7587972683 -3.147283671e-18 9.804638089e-18 0.8552852182 -0.1651800951 -1.729817637e-18 1.328289385e-17
0.07093333333 0 -0.07093333333 0.7345294318 -1.606253883e-18 1.99832358e-18 0.8377399663 -0.1808899683 -5.14009344e-18 7.213326578e-18
0.1418666667 0 -0.07093333333 0.6814490164 -1.242939018e-18 -3.150202508e-21 0.7936584565 -0.227057858 -6.230178843e-18 1.057671425e-18
-0.1418666667 0.07093333333 -0.07093333333 0.649652431 -0.05551164759 -0.01532762258 0.7687315236 -0.2152734073 -0.02174109221 -0.0925876973
-0.07093333333 0.07093333333 -0.07093333333 0.6827906328 -0.03465495874 -0.01096745501 0.8001424129 -0.1706655179 -0.02415755859 -0.1073833977
0 0.07093333333 -0.07093333333 0.7013096055 -1.084724878e-17 9.454162298e-18 0.8146537924 -0.1559839699 -0.02505636398 -0.1126498284
0.07093333333 0.07093333333 -0.07093333333 0.6827906328 0.03465495874 0.01096745501 0.8001424129 -0.1706655179 -0.02415755859 -0.1073833977
0.1418666667 0.07093333333 -0.07093333333 0.649652431 0.05551164759 0.01532762258 0.7687315236 -0.2152734073 -0.02174109221 -0.0925876973
-0.1418666667 0.1418666667 -0.07093333333 0.542356869 -0.1379706118 -0.02476589664 0.6722427638 -0.1703487203 -0.05423707482 -0.1970709247
-0.07093333333 0.1418666667 -0.07093333333 0.530830999 -0.0722660645 -0.02174452715 0.6710660044 -0.1333617581 -0.06303120204 -0.2303213346
0 0.1418666667 -0.07093333333 0.5408673744 -1.525125951e-17 2.139197328e-17 0.6808868941 -0.1226677932 -0.06553278937 -0.2406625808
0.07093333333 0.1418666667 -0.07093333333 0.530830999 0.0722660645 0.02174452715 0.6710660044 -0.1333617581 -0.06303120204 -0.2303213346
0.1418666667 0.1418666667 -0.07093333333 0.542356869 0.1379706118 0.02476589664 0.6722427638 -0.1703487203 -0.05423707482 -0.1970709247
-0.1418666667 -0.1418666667 0 0.6435695456 0.1452338339 0.07128796674 0.7266078732 0.2140924291 -0.04064700551 0.2048120024
-0.07093333333 -0.1418666667 0 0.654003316 0.07545983931 0.04257916826 0.7242034852 0.2474701665 -0.04511652408 0.2423808389
0 -0.1418666667 0 0.6744885472 2.544394173e-17 -9.513165057e-18 0.7343828727 0.2619964769 -0.0466675206 0.2536736726
0.07093333333 -0.1418666667 0 0.654003316 -0.07545983931 -0.04257916826 0.7242034852 0.2474701665 -0.04511652408 0.2423808389
0.1418666667 -0.1418666667 0 0.6435695456 -0.1452338339 -0.07128796674 0.7266078732 0.2140924291 -0.04064700551 0.2048120024
-0.1418666667 -0.07093333333 0 0.773900229 0.05779334053 0.03047753443 0.8341396189 0.253873151 -0.02068953122 0.09467175581
-0.07093333333 -0.07093333333 0 0.8628417619 0.03594174061 0.01984607681 0.8671838461 0.3101175457 -0.02293879943 0.111575906
0 -0.07093333333 0 0.9025228311 1.265922827e-17 -1.120657145e-17 0.8825410234 0.3305936264 -0.02376223198 0.1174196897
0.07093333333 -0.07093333333 0 0.8628417619 -0.03594174061 -0.01984607681 0.8671838461 0.3101175457 -0.02293879943 0.111575906
0.1418666667 -0.07093333333 0 0.773900229 -0.05779334053 -0.03047753443 0.8341396189 0.253873151 -0.02068953122 0.09467175581
-0.1418666667 0 0 0.8146801463 1.992544758e-18 1.11905934e-17 0.8625314774 0.2659315641 -5.364174561e-18 1.163518163e-17
-0.07093333333 0 0 0.9358027782 2.739819928e-19 1.549714785e-17 0.9094642215 0.3296628702 -1.003437268e-17 1.156890538e-17
0 0 0 0.9857532319 1.169441572e-18 9.016878949e-18 0.9281655252 0.3525081413 -3.134707642e-18 1.007667083e-17
0.07093333333 0 0 0.9358027782 7.827737601e-19 5.448199875e-18 0.9094642215 0.3296628702 -5.499772791e-19 9.07973035e-18
0.1418666667 0 0 0.8146801463 -8.281941993e-19 -2.785543583e-19 0.8625314774 0.2659315641 3.625578969e-18 5.746924307e-18
-0.1418666667 0.07093333333 0 0.773900229 -0.05779334053 -0.03047753443 0.8341396189 0.253873151 0.02068953122 -0.09467175581
-0.07093333333 0.07093333333 0 0.8628417619 -0.03594174061 -0.01984607681 0.8671838461 0.3101175457 0.02293879943 -0.111575906
0 0.07093333333 0 0.9025228311 -5.208227255e-18 2.390961055e-17 0.8825410234 0.3305936264 0.02376223198 -0.1174196897
0.07093333333 0.07093333333 0 0.8628417619 0.03594174061 0.01984607681 0.8671838461 0.3101175457 0.02293879943 -0.111575906
0.1418666667 0.07093333333 0 0.773900229 0.05779334053 0.03047753443 0.8341396189 0.253873151 0.02068953122 -0.09467175581
-0.1418666667 0.1418666667 0 0.6435695456 -0.1452338339 -0.07128796674 0.7266078732 0.2140924291 0.04064700551 -0.2048120024
-0.07093333333 0.1418666667 0 0.654003316 -0.07545983931 -0.04257916826 0.7242034852 0.2474701665 0.04511652408 -0.2423808389
0 0.1418666667 0 0.6744885472 -2.967973423e-18 3.387727259e-17 0.7343828727 0.2619964769 0.0466675206 -0.2536736726
0.07093333333 0.1418666667 0 0.654003316 0.07545983931 0.04257916826 0.7242034852 0.2474701665 0.04511652408 -0.2423808389
0.1418666667 0.1418666667 0 0.6435695456 0.1452338339 0.07128796674 0.7266078732 0.2140924291 0.04064700551 -0.2048120024
-0.1418666667 -0.1418666667 0.07093333333 0.7737467294 0.1320207559 0.112856807 0.6200269929 0.5731411393 -0.1261302601 0.1214393285
-0.07093333333 -0.1418666667 0.07093333333 0.7905012496 0.06939507234 0.06060916123 0.6162193057 0.6002360454 -0.1422142576 0.1475725757
0 -0.1418666667 0.07093333333 0.8168863894 8.083856934e-18 -7.937603117e-18 0.6245321137 0.6173218842 -0.1473135314 0.1551078433
0.07093333333 -0.1418666667 0.07093333333 0.7905012496 -0.06939507234 -0.06060916123 0.6162193057 0.6002360454 -0.1422142576 0.1475725757
0.1418666667 -0.1418666667 0.07093333333 0.7737467294 -0.1320207559 -0.112856807 0.6200269929 0.5731411393 -0.1261302601 0.1214393285
-0.1418666667 -0.07093333333 0.07093333333 0.978082967 0.05380090848 0.04405849969 0.7008095342 0.6896240011 -0.05837021957 0.05590106608
-0.07093333333 -0.07093333333 0.07093333333 1.103536051 0.03359911956 0.02768527232 0.7264410552 0.7517080337 -0.06448628075 0.06856107083
0 -0.07093333333 0.07093333333 1.157422829 8.482312788e-18 -7.631911372e-18 0.7387500267 0.7758314799 -0.06677507286 0.07278620581
0.07093333333 -0.07093333333 0.07093333333 1.103536051 -0.03359911956 -0.02768527232 0.7264410552 0.7517080337 -0.06448628075 0.06856107083
0.1418666667 -0.07093333333 0.07093333333 0.978082967 -0.05380090848 -0.04405849969 0.7008095342 0.6896240011 -0.05837021957 0.05590106608
-0.1418666667 0 0.07093333333 1.041471651 -2.861786076e-18 8.570506694e-18 0.7208170098 0.7224226527 -4.470217972e-18 6.487166863e-18
-0.07093333333 0 0.07093333333 1.209240786 2.667471577e-18 1.021913489e-17 0.7580049223 0.7966613608 -1.218236456e-17 3.931046542e-20
0 0 0.07093333333 1.276709516 6.195853315e-18 5.130394832e-18 0.7730385941 0.8240878888 -1.022028005e-17 2.25184419e-18
0.07093333333 0 0.07093333333 1.209240786 2.733011526e-18 5.316456909e-18 0.7580049223 0.7966613608 -7.355869301e-18 -2.685644061e-18
0.1418666667 0 0.07093333333 1.041471651 5.832804865e-19 5.892262288e-20 0.7208170098 0.7224226527 -1.352139452e-18 -5.66911356e-18
-0.1418666667 0.07093333333 0.07093333333 0.978082967 -0.05380090848 -0.04405849969 0.7008095342 0.6896240011 0.05837021957 -0.05590106608
-0.07093333333 0.07093333333 0.07093333333 1.103536051 -0.03359911956 -0.02768527232 0.7264410552 0.7517080337 0.06448628075 -0.06856107083
0 0.07093333333 0.07093333333 1.157422829 3.233267906e-18 3.299931923e-18 0.7387500267 0.7758314799 0.06677507286 -0.07278620581
0.07093333333 0.07093333333 0.07093333333 1.103536051 0.03359911956 0.02768527232 0.7264410552 0.7517080337 0.06448628075 -0.06856107083
0.1418666667 0.07093333333 0.07093333333 0.978082967 0.05380090848 0.04405849969 0.7008095342 0.6896240011 0.05837021957 -0.05590106608
-0.1418666667 0.1418666667 0.07093333333 0.7737467294 -0.1320207559 -0.112856807 0.6200269929 0.5731411393 0.1261302601 -0.1214393285
-0.07093333333 0.1418666667 0.07093333333 0.7905012496 -0.06939507234 -0.06060916123 0.6162193057 0.6002360454 0.1422142576 -0.1475725757
0 0.1418666667 0.07093333333 0.8168863894 -1.826168413e-17 1.999417466e-17 0.6245321137 0.6173218842 0.1473135314 -0.1551078433
0.07093333333 0.1418666667 0.07093333333 0.7905012496 0.06939507234 0.06060916123 0.6162193057 0.6002360454 0.1422142576 -0.1475725757
0.1418666667 0.1418666667 0.07093333333 0.7737467294 0.1320207559 0.112856807 0.6200269929 0.5731411393 0.1261302601 -0.1214393285
-0.1418666667 -0.1418666667 0.1418666667 0.9527688098 0.1088155634 0.1321658528 0.3777039517 0.8687313524 -0.1580675463 -0.03347212844
-0.07093333333 -0.1418666667 0.1418666667 0.9708311903 0.05794083471 0.06692176755 0.3742301986 0.8898498732 -0.1740775536 -0.0284867324
0 -0.1418666667 0.1418666667 1.000365837 -5.467079646e-18 1.649687081e-18 0.3792706852 0.90736396 -0.1801171232 -0.02771372798
0.07093333333 -0.1418666667 0.1418666667 0.9708311903 -0.05794083471 -0.06692176755 0.3742301986 0.8898498732 -0.1740775536 -0.0284867324
0.1418666667 -0.1418666667 0.1418666667 0.9527688098 -0.1088155634 -0.1321658528 0.3777039517 0.8687313524 -0.1580675463 -0.03347212844
-0.1418666667 -0.07093333333 0.1418666667 1.20384467 0.04904149286 0.05212244959 0.39309495 1.019461692 -0.06979102287 -0.005126747456
-0.07093333333 -0.07093333333 0.1418666667 1.322891603 0.0295694826 0.03107681504 0.4037654804 1.073567102 -0.07400913549 0.001114376585
0 -0.07093333333 0.1418666667 1.377081237 1.229088324e-17 -3.562517188e-18 0.4100354052 1.096855572 -0.07651267351 0.002422568779
0.07093333333 -0.07093333333 0.1418666667 1.322891603 -0.0295694826 -0.03107681504 0.4037654804 1.073567102 -0.07400913549 0.001114376585
0.1418666667 -0.07093333333 0.1418666667 1.20384467 -0.04904149286 -0.05212244959 0.39309495 1.019461692 -0.06979102287 -0.005126747456
-0.1418666667 0 0.1418666667 1.27566648 -3.636751678e-18 1.731500055e-18 0.3949317438 1.058156603 -4.917339917e-18 -5.895308405e-18
-0.07093333333 0 0.1418666667 1.434126539 5.412676425e-19 3.699081989e-18 0.4118967221 1.124485495 -8.016166891e-18 -7.937497875e-18
0 0 0.1418666667 1.500470601 4.589026977e-18 1.314959584e-18 0.4195484736 1.150847374 -9.707234892e-18 -5.971202307e-18
0.07093333333 0 0.1418666667 1.434126539 2.097090278e-18 -2.013533839e-18 0.4118967221 1.124485495 -7.792714371e-18 -6.597044677e-18
0.1418666667 0 0.1418666667 1.27566648 -8.442550209e-19 -1.629122694e-18 0.3949317438 1.058156603 -3.063390526e-18 -9.643583898e-18
-0.1418666667 0.07093333333 0.1418666667 1.20384467 -0.04904149286 -0.05212244959 0.39309495 1.019461692 0.06979102287 0.005126747456
-0.07093333333 0.07093333333 0.1418666667 1.322891603 -0.0295694826 -0.03107681504 0.4037654804 1.073567102 0.07400913549 -0.001114376585
0 0.07093333333 0.1418666667 1.377081237 1.406780487e-17 1.583560848e-18 0.4100354052 1.096855572 0.07651267351 -0.002422568779
0.07093333333 0.07093333333 0.1418666667 1.322891603 0.0295694826 0.03107681504 0.4037654804 1.073567102 0.07400913549 -0.001114376585
0.1418666667 0.07093333333 0.1418666667 1.20384467 0.04904149286 0.05212244959 0.39309495 1.019461692 0.06979102287 0.005126747456
-0.1418666667 0.1418666667 0.1418666667 0.9527688098 -0.1088155634 -0.1321658528 0.3777039517 0.8687313524 0.1580675463 0.03347212844
-0.07093333333 0.1418666667 0.1418666667 0.9708311903 -0.05794083471 -0.06692176755 0.3742301986 0.8898498732 0.1740775536 0.0284867324
0 0.1418666667 0.1418666667 1.000365837 -5.931890683e-18 -9.439142822e-19 0.3792706852 0.90736396 0.1801171232 0.02771372798
0.07093333333 0.1418666667 0.1418666667 0.9708311903 0.05794083471 0.06692176755 0.3742301986 0.8898498732 0.1740775536 0.0284867324
0.1418666667 0.1418666667 0.1418666667 0.9527688098 0.1088155634 0.1321658528 0.3777039517 0.8687313524 0.1580675463 0.03347212844
