x y z |Einc|^2 Eincx.r Eincx.i Eincy.r Eincy.i Eincz.r Eincz.i
-0.03546666667 -0.1064 -0.2482666667 1 0.1045284633 -0.9945218954 0 -0 0 -0
0.03546666667 -0.1064 -0.2482666667 1 0.1045284633 -0.9945218954 0 -0 0 -0
-0.1064 -0.03546666667 -0.2482666667 1 0.1045284633 -0.9945218954 0 -0 0 -0
-0.03546666667 -0.03546666667 -0.2482666667 1 0.1045284633 -0.9945218954 0 -0 0 -0
0.03546666667 -0.03546666667 -0.2482666667 1 0.1045284633 -0.9945218954 0 -0 0 -0
0.1064 -0.03546666667 -0.2482666667 1 0.1045284633 -0.9945218954 0 -0 0 -0
-0.1064 0.03546666667 -0.2482666667 1 0.1045284633 -0.9945218954 0 -0 0 -0
-0.03546666667 0.03546666667 -0.2482666667 1 0.1045284633 -0.9945218954 0 -0 0 -0
0.03546666667 0.03546666667 -0.2482666667 1 0.1045284633 -0.9945218954 0 -0 0 -0
0.1064 0.03546666667 -0.2482666667 1 0.1045284633 -0.9945218954 0 -0 0 -0
-0.03546666667 0.1064 -0.2482666667 1 0.1045284633 -0.9945218954 0 -0 0 -0
0.03546666667 0.1064 -0.2482666667 1 0.1045284633 -0.9945218954 0 -0 0 -0
-0.1064 -0.1773333333 -0.1773333333 1 0.5 -0.8660254038 0 -0 0 -0
-0.03546666667 -0.1773333333 -0.1773333333 1 0.5 -0.8660254038 0 -0 0 -0
0.03546666667 -0.1773333333 -0.1773333333 1 0.5 -0.8660254038 0 -0 0 -0
0.1064 -0.1773333333 -0.1773333333 1 0.5 -0.8660254038 0 -0 0 -0
-0.1773333333 -0.1064 -0.1773333333 1 0.5 -0.8660254038 0 -0 0 -0
-0.1064 -0.1064 -0.1773333333 1 0.5 -0.8660254038 0 -0 0 -0
-0.03546666667 -0.1064 -0.1773333333 1 0.5 -0.8660254038 0 -0 0 -0
0.03546666667 -0.1064 -0.1773333333 1 0.5 -0.8660254038 0 -0 0 -0
0.1064 -0.1064 -0.1773333333 1 0.5 -0.8660254038 0 -0 0 -0
0.1773333333 -0.1064 -0.1773333333 1 0.5 -0.8660254038 0 -0 0 -0
-0.1773333333 -0.03546666667 -0.1773333333 1 0.5 -0.8660254038 0 -0 0 -0
-0.1064 -0.03546666667 -0.1773333333 1 0.5 -0.8660254038 0 -0 0 -0
-0.03546666667 -0.03546666667 -0.1773333333 1 0.5 -0.8660254038 0 -0 0 -0
0.03546666667 -0.03546666667 -0.1773333333 1 0.5 -0.8660254038 0 -0 0 -0
0.1064 -0.03546666667 -0.1773333333 1 0.5 -0.8660254038 0 -0 0 -0
0.1773333333 -0.03546666667 -0.1773333333 1 0.5 -0.8660254038 0 -0 0 -0
-0.1773333333 0.03546666667 -0.1773333333 1 0.5 -0.8660254038 0 -0 0 -0
-0.1064 0.03546666667 -0.1773333333 1 0.5 -0.8660254038 0 -0 0 -0
-0.03546666667 0.03546666667 -0.1773333333 1 0.5 -0.8660254038 0 -0 0 -0
0.03546666667 0.03546666667 -0.1773333333 1 0.5 -0.8660254038 0 -0 0 -0
0.1064 0.03546666667 -0.1773333333 1 0.5 -0.8660254038 0 -0 0 -0
0.1773333333 0.03546666667 -0.1773333333 1 0.5 -0.8660254038 0 -0 0 -0
-0.1773333333 0.1064 -0.1773333333 1 0.5 -0.8660254038 0 -0 0 -0
-0.1064 0.1064 -0.1773333333 1 0.5 -0.8660254038 0 -0 0 -0
-0.03546666667 0.1064 -0.1773333333 1 0.5 -0.8660254038 0 -0 0 -0
0.03546666667 0.1064 -0.1773333333 1 0.5 -0.8660254038 0 -0 0 -0
0.1064 0.1064 -0.1773333333 1 0.5 -0.8660254038 0 -0 0 -0
0.1773333333 0.1064 -0.1773333333 1 0.5 -0.8660254038 0 -0 0 -0
-0.1064 0.1773333333 -0.1773333333 1 0.5 -0.8660254038 0 -0 0 -0
-0.03546666667 0.1773333333 -0.1773333333 1 0.5 -0.8660254038 0 -0 0 -0
0.03546666667 0.1773333333 -0.1773333333 1 0.5 -0.8660254038 0 -0 0 -0
0.1064 0.1773333333 -0.1773333333 1 0.5 -0.8660254038 0 -0 0 -0
-0.03546666667 -0.2482666667 -0.1064 1 0.8090169944 -0.5877852523 0 -0 0 -0
0.03546666667 -0.2482666667 -0.1064 1 0.8090169944 -0.5877852523 0 -0 0 -0
-0.1773333333 -0.1773333333 -0.1064 1 0.8090169944 -0.5877852523 0 -0 0 -0
-0.1064 -0.1773333333 -0.1064 1 0.8090169944 -0.5877852523 0 -0 0 -0
-0.03546666667 -0.1773333333 -0.1064 1 0.8090169944 -0.5877852523 0 -0 0 -0
0.03546666667 -0.1773333333 -0.1064 1 0.8090169944 -0.5877852523 0 -0 0 -0
0.1064 -0.1773333333 -0.1064 1 0.8090169944 -0.5877852523 0 -0 0 -0
0.1773333333 -0.1773333333 -0.1064 1 0.8090169944 -0.5877852523 0 -0 0 -0
-0.1773333333 -0.1064 -0.1064 1 0.8090169944 -0.5877852523 0 -0 0 -0
-0.1064 -0.1064 -0.1064 1 0.8090169944 -0.5877852523 0 -0 0 -0
-0.03546666667 -0.1064 -0.1064 1 0.8090169944 -0.5877852523 0 -0 0 -0
0.03546666667 -0.1064 -0.1064 1 0.8090169944 -0.5877852523 0 -0 0 -0
0.1064 -0.1064 -0.1064 1 0.8090169944 -0.5877852523 0 -0 0 -0
0.1773333333 -0.1064 -0.1064 1 0.8090169944 -0.5877852523 0 -0 0 -0
-0.2482666667 -0.03546666667 -0.1064 1 0.8090169944 -0.5877852523 0 -0 0 -0
-0.1773333333 -0.03546666667 -0.1064 1 0.8090169944 -0.5877852523 0 -0 0 -0
-0.1064 -0.03546666667 -0.1064 1 0.8090169944 -0.5877852523 0 -0 0 -0
-0.03546666667 -0.03546666667 -0.1064 1 0.8090169944 -0.5877852523 0 -0 0 -0
0.03546666667 -0.03546666667 -0.1064 1 0.8090169944 -0.5877852523 0 -0 0 -0
0.1064 -0.03546666667 -0.1064 1 0.8090169944 -0.5877852523 0 -0 0 -0
0.1773333333 -0.03546666667 -0.1064 1 0.8090169944 -0.5877852523 0 -0 0 -0
0.2482666667 -0.03546666667 -0.1064 1 0.8090169944 -0.5877852523 0 -0 0 -0
-0.2482666667 0.03546666667 -0.1064 1 0.8090169944 -0.5877852523 0 -0 0 -0
-0.1773333333 0.03546666667 -0.1064 1 0.8090169944 -0.5877852523 0 -0 0 -0
-0.1064 0.03546666667 -0.1064 1 0.8090169944 -0.5877852523 0 -0 0 -0
-0.03546666667 0.03546666667 -0.1064 1 0.8090169944 -0.5877852523 0 -0 0 -0
0.03546666667 0.03546666667 -0.1064 1 0.8090169944 -0.5877852523 0 -0 0 -0
0.1064 0.03546666667 -0.1064 1 0.8090169944 -0.5877852523 0 -0 0 -0
0.1773333333 0.03546666667 -0.1064 1 0.8090169944 -0.5877852523 0 -0 0 -0
0.2482666667 0.03546666667 -0.1064 1 0.8090169944 -0.5877852523 0 -0 0 -0
-0.1773333333 0.1064 -0.1064 1 0.8090169944 -0.5877852523 0 -0 0 -0
-0.1064 0.1064 -0.1064 1 0.8090169944 -0.5877852523 0 -0 0 -0
-0.03546666667 0.1064 -0.1064 1 0.8090169944 -0.5877852523 0 -0 0 -0
0.03546666667 0.1064 -0.1064 1 0.8090169944 -0.5877852523 0 -0 0 -0
0.1064 0.1064 -0.1064 1 0.8090169944 -0.5877852523 0 -0 0 -0
0.1773333333 0.1064 -0.1064 1 0.8090169944 -0.5877852523 0 -0 0 -0
-0.1773333333 0.1773333333 -0.1064 1 0.8090169944 -0.5877852523 0 -0 0 -0
-0.1064 0.1773333333 -0.1064 1 0.8090169944 -0.5877852523 0 -0 0 -0
-0.03546666667 0.1773333333 -0.1064 1 0.8090169944 -0.5877852523 0 -0 0 -0
0.03546666667 0.1773333333 -0.1064 1 0.8090169944 -0.5877852523 0 -0 0 -0
0.1064 0.1773333333 -0.1064 1 0.8090169944 -0.5877852523 0 -0 0 -0
0.1773333333 0.1773333333 -0.1064 1 0.8090169944 -0.5877852523 0 -0 0 -0
-0.03546666667 0.2482666667 -0.1064 1 0.8090169944 -0.5877852523 0 -0 0 -0
0.03546666667 0.2482666667 -0.1064 1 0.8090169944 -0.5877852523 0 -0 0 -0
-0.1064 -0.2482666667 -0.03546666667 1 0.9781476007 -0.2079116908 0 -0 0 -0
-0.03546666667 -0.2482666667 -0.03546666667 1 0.9781476007 -0.2079116908 0 -0 0 -0
0.03546666667 -0.2482666667 -0.03546666667 1 0.9781476007 -0.2079116908 0 -0 0 -0
0.1064 -0.2482666667 -0.03546666667 1 0.9781476007 -0.2079116908 0 -0 0 -0
-0.1773333333 -0.1773333333 -0.03546666667 1 0.9781476007 -0.2079116908 0 -0 0 -0
-0.1064 -0.1773333333 -0.03546666667 1 0.9781476007 -0.2079116908 0 -0 0 -0
-0.03546666667 -0.1773333333 -0.03546666667 1 0.9781476007 -0.2079116908 0 -0 0 -0
0.03546666667 -0.1773333333 -0.03546666667 1 0.9781476007 -0.2079116908 0 -0 0 -0
0.1064 -0.1773333333 -0.03546666667 1 0.9781476007 -0.2079116908 0 -0 0 -0
0.1773333333 -0.1773333333 -0.03546666667 1 0.9781476007 -0.2079116908 0 -0 0 -0
-0.2482666667 -0.1064 -0.03546666667 1 0.9781476007 -0.2079116908 0 -0 0 -0
-0.1773333333 -0.1064 -0.03546666667 1 0.9781476007 -0.2079116908 0 -0 0 -0
-0.1064 -0.1064 -0.03546666667 1 0.9781476007 -0.2079116908 0 -0 0 -0
-0.03546666667 -0.1064 -0.03546666667 1 0.9781476007 -0.2079116908 0 -0 0 -0
0.03546666667 -0.1064 -0.03546666667 1 0.9781476007 -0.2079116908 0 -0 0 -0
0.1064 -0.1064 -0.03546666667 1 0.9781476007 -0.2079116908 0 -0 0 -0
0.1773333333 -0.1064 -0.03546666667 1 0.9781476007 -0.2079116908 0 -0 0 -0
0.2482666667 -0.1064 -0.03546666667 1 0.9781476007 -0.2079116908 0 -0 0 -0
-0.2482666667 -0.03546666667 -0.03546666667 1 0.9781476007 -0.2079116908 0 -0 0 -0
-0.1773333333 -0.03546666667 -0.03546666667 1 0.9781476007 -0.2079116908 0 -0 0 -0
-0.1064 -0.03546666667 -0.03546666667 1 0.9781476007 -0.2079116908 0 -0 0 -0
-0.03546666667 -0.03546666667 -0.03546666667 1 0.9781476007 -0.2079116908 0 -0 0 -0
0.03546666667 -0.03546666667 -0.03546666667 1 0.9781476007 -0.2079116908 0 -0 0 -0
0.1064 -0.03546666667 -0.03546666667 1 0.9781476007 -0.2079116908 0 -0 0 -0
0.1773333333 -0.03546666667 -0.03546666667 1 0.9781476007 -0.2079116908 0 -0 0 -0
0.2482666667 -0.03546666667 -0.03546666667 1 0.9781476007 -0.2079116908 0 -0 0 -0
-0.2482666667 0.03546666667 -0.03546666667 1 0.9781476007 -0.2079116908 0 -0 0 -0
-0.1773333333 0.03546666667 -0.03546666667 1 0.9781476007 -0.2079116908 0 -0 0 -0
-0.1064 0.03546666667 -0.03546666667 1 0.9781476007 -0.2079116908 0 -0 0 -0
-0.03546666667 0.03546666667 -0.03546666667 1 0.9781476007 -0.2079116908 0 -0 0 -0
0.03546666667 0.03546666667 -0.03546666667 1 0.9781476007 -0.2079116908 0 -0 0 -0
0.1064 0.03546666667 -0.03546666667 1 0.9781476007 -0.2079116908 0 -0 0 -0
0.1773333333 0.03546666667 -0.03546666667 1 0.9781476007 -0.2079116908 0 -0 0 -0
0.2482666667 0.03546666667 -0.03546666667 1 0.9781476007 -0.2079116908 0 -0 0 -0
-0.2482666667 0.1064 -0.03546666667 1 0.9781476007 -0.2079116908 0 -0 0 -0
-0.1773333333 0.1064 -0.03546666667 1 0.9781476007 -0.2079116908 0 -0 0 -0
-0.1064 0.1064 -0.03546666667 1 0.9781476007 -0.2079116908 0 -0 0 -0
-0.03546666667 0.1064 -0.03546666667 1 0.9781476007 -0.2079116908 0 -0 0 -0
0.03546666667 0.1064 -0.03546666667 1 0.9781476007 -0.2079116908 0 -0 0 -0
0.1064 0.1064 -0.03546666667 1 0.9781476007 -0.2079116908 0 -0 0 -0
0.1773333333 0.1064 -0.03546666667 1 0.9781476007 -0.2079116908 0 -0 0 -0
0.2482666667 0.1064 -0.03546666667 1 0.9781476007 -0.2079116908 0 -0 0 -0
-0.1773333333 0.1773333333 -0.03546666667 1 0.9781476007 -0.2079116908 0 -0 0 -0
-0.1064 0.1773333333 -0.03546666667 1 0.9781476007 -0.2079116908 0 -0 0 -0
-0.03546666667 0.1773333333 -0.03546666667 1 0.9781476007 -0.2079116908 0 -0 0 -0
0.03546666667 0.1773333333 -0.03546666667 1 0.9781476007 -0.2079116908 0 -0 0 -0
0.1064 0.1773333333 -0.03546666667 1 0.9781476007 -0.2079116908 0 -0 0 -0
0.1773333333 0.1773333333 -0.03546666667 1 0.9781476007 -0.2079116908 0 -0 0 -0
-0.1064 0.2482666667 -0.03546666667 1 0.9781476007 -0.2079116908 0 -0 0 -0
-0.03546666667 0.2482666667 -0.03546666667 1 0.9781476007 -0.2079116908 0 -0 0 -0
0.03546666667 0.2482666667 -0.03546666667 1 0.9781476007 -0.2079116908 0 -0 0 -0
0.1064 0.2482666667 -0.03546666667 1 0.9781476007 -0.2079116908 0 -0 0 -0
-0.1064 -0.2482666667 0.03546666667 1 0.9781476007 0.2079116908 0 0 0 0
-0.03546666667 -0.2482666667 0.03546666667 1 0.9781476007 0.2079116908 0 0 0 0
0.03546666667 -0.2482666667 0.03546666667 1 0.9781476007 0.2079116908 0 0 0 0
0.1064 -0.2482666667 0.03546666667 1 0.9781476007 0.2079116908 0 0 0 0
-0.1773333333 -0.1773333333 0.03546666667 1 0.9781476007 0.2079116908 0 0 0 0
-0.1064 -0.1773333333 0.03546666667 1 0.9781476007 0.2079116908 0 0 0 0
-0.03546666667 -0.1773333333 0.03546666667 1 0.9781476007 0.2079116908 0 0 0 0
0.03546666667 -0.1773333333 0.03546666667 1 0.9781476007 0.2079116908 0 0 0 0
0.1064 -0.1773333333 0.03546666667 1 0.9781476007 0.2079116908 0 0 0 0
0.1773333333 -0.1773333333 0.03546666667 1 0.9781476007 0.2079116908 0 0 0 0
-0.2482666667 -0.1064 0.03546666667 1 0.9781476007 0.2079116908 0 0 0 0
-0.1773333333 -0.1064 0.03546666667 1 0.9781476007 0.2079116908 0 0 0 0
-0.1064 -0.1064 0.03546666667 1 0.9781476007 0.2079116908 0 0 0 0
-0.03546666667 -0.1064 0.03546666667 1 0.9781476007 0.2079116908 0 0 0 0
0.03546666667 -0.1064 0.03546666667 1 0.9781476007 0.2079116908 0 0 0 0
0.1064 -0.1064 0.03546666667 1 0.9781476007 0.2079116908 0 0 0 0
0.1773333333 -0.1064 0.03546666667 1 0.9781476007 0.2079116908 0 0 0 0
0.2482666667 -0.1064 0.03546666667 1 0.9781476007 0.2079116908 0 0 0 0
-0.2482666667 -0.03546666667 0.03546666667 1 0.9781476007 0.2079116908 0 0 0 0
-0.1773333333 -0.03546666667 0.03546666667 1 0.9781476007 0.2079116908 0 0 0 0
-0.1064 -0.03546666667 0.03546666667 1 0.9781476007 0.2079116908 0 0 0 0
-0.03546666667 -0.03546666667 0.03546666667 1 0.9781476007 0.2079116908 0 0 0 0
0.03546666667 -0.03546666667 0.03546666667 1 0.9781476007 0.2079116908 0 0 0 0
0.1064 -0.03546666667 0.03546666667 1 0.9781476007 0.2079116908 0 0 0 0
0.1773333333 -0.03546666667 0.03546666667 1 0.9781476007 0.2079116908 0 0 0 0
0.2482666667 -0.03546666667 0.03546666667 1 0.9781476007 0.2079116908 0 0 0 0
-0.2482666667 0.03546666667 0.03546666667 1 0.9781476007 0.2079116908 0 0 0 0
-0.1773333333 0.03546666667 0.03546666667 1 0.9781476007 0.2079116908 0 0 0 0
-0.1064 0.03546666667 0.03546666667 1 0.9781476007 0.2079116908 0 0 0 0
-0.03546666667 0.03546666667 0.03546666667 1 0.9781476007 0.2079116908 0 0 0 0
0.03546666667 0.03546666667 0.03546666667 1 0.9781476007 0.2079116908 0 0 0 0
0.1064 0.03546666667 0.03546666667 1 0.9781476007 0.2079116908 0 0 0 0
0.1773333333 0.03546666667 0.03546666667 1 0.9781476007 0.2079116908 0 0 0 0
0.2482666667 0.03546666667 0.03546666667 1 0.9781476007 0.2079116908 0 0 0 0
-0.2482666667 0.1064 0.03546666667 1 0.9781476007 0.2079116908 0 0 0 0
-0.1773333333 0.1064 0.03546666667 1 0.9781476007 0.2079116908 0 0 0 0
-0.1064 0.1064 0.03546666667 1 0.9781476007 0.2079116908 0 0 0 0
-0.03546666667 0.1064 0.03546666667 1 0.9781476007 0.2079116908 0 0 0 0
0.03546666667 0.1064 0.03546666667 1 0.9781476007 0.2079116908 0 0 0 0
0.1064 0.1064 0.03546666667 1 0.9781476007 0.2079116908 0 0 0 0
0.1773333333 0.1064 0.03546666667 1 0.9781476007 0.2079116908 0 0 0 0
0.2482666667 0.1064 0.03546666667 1 0.9781476007 0.2079116908 0 0 0 0
-0.1773333333 0.1773333333 0.03546666667 1 0.9781476007 0.2079116908 0 0 0 0
-0.1064 0.1773333333 0.03546666667 1 0.9781476007 0.2079116908 0 0 0 0
-0.03546666667 0.1773333333 0.03546666667 1 0.9781476007 0.2079116908 0 0 0 0
0.03546666667 0.1773333333 0.03546666667 1 0.9781476007 0.2079116908 0 0 0 0
0.1064 0.1773333333 0.03546666667 1 0.9781476007 0.2079116908 0 0 0 0
0.1773333333 0.1773333333 0.03546666667 1 0.9781476007 0.2079116908 0 0 0 0
-0.1064 0.2482666667 0.03546666667 1 0.9781476007 0.2079116908 0 0 0 0
-0.03546666667 0.2482666667 0.03546666667 1 0.9781476007 0.2079116908 0 0 0 0
0.03546666667 0.2482666667 0.03546666667 1 0.9781476007 0.2079116908 0 0 0 0
0.1064 0.2482666667 0.03546666667 1 0.9781476007 0.2079116908 0 0 0 0
-0.03546666667 -0.2482666667 0.1064 1 0.8090169944 0.5877852523 0 0 0 0
0.03546666667 -0.2482666667 0.1064 1 0.8090169944 0.5877852523 0 0 0 0
-0.1773333333 -0.1773333333 0.1064 1 0.8090169944 0.5877852523 0 0 0 0
-0.1064 -0.1773333333 0.1064 1 0.8090169944 0.5877852523 0 0 0 0
-0.03546666667 -0.1773333333 0.1064 1 0.8090169944 0.5877852523 0 0 0 0
0.03546666667 -0.1773333333 0.1064 1 0.8090169944 0.5877852523 0 0 0 0
0.1064 -0.1773333333 0.1064 1 0.8090169944 0.5877852523 0 0 0 0
0.1773333333 -0.1773333333 0.1064 1 0.8090169944 0.5877852523 0 0 0 0
-0.1773333333 -0.1064 0.1064 1 0.8090169944 0.5877852523 0 0 0 0
-0.1064 -0.1064 0.1064 1 0.8090169944 0.5877852523 0 0 0 0
-0.03546666667 -0.1064 0.1064 1 0.8090169944 0.5877852523 0 0 0 0
0.03546666667 -0.1064 0.1064 1 0.8090169944 0.5877852523 0 0 0 0
0.1064 -0.1064 0.1064 1 0.8090169944 0.5877852523 0 0 0 0
0.1773333333 -0.1064 0.1064 1 0.8090169944 0.5877852523 0 0 0 0
-0.2482666667 -0.03546666667 0.1064 1 0.8090169944 0.5877852523 0 0 0 0
-0.1773333333 -0.03546666667 0.1064 1 0.8090169944 0.5877852523 0 0 0 0
-0.1064 -0.03546666667 0.1064 1 0.8090169944 0.5877852523 0 0 0 0
-0.03546666667 -0.03546666667 0.1064 1 0.8090169944 0.5877852523 0 0 0 0
0.03546666667 -0.03546666667 0.1064 1 0.8090169944 0.5877852523 0 0 0 0
0.1064 -0.03546666667 0.1064 1 0.8090169944 0.5877852523 0 0 0 0
0.1773333333 -0.03546666667 0.1064 1 0.8090169944 0.5877852523 0 0 0 0
0.2482666667 -0.03546666667 0.1064 1 0.8090169944 0.5877852523 0 0 0 0
-0.2482666667 0.03546666667 0.1064 1 0.8090169944 0.5877852523 0 0 0 0
-0.1773333333 0.03546666667 0.1064 1 0.8090169944 0.5877852523 0 0 0 0
-0.1064 0.03546666667 0.1064 1 0.8090169944 0.5877852523 0 0 0 0
-0.03546666667 0.03546666667 0.1064 1 0.8090169944 0.5877852523 0 0 0 0
0.03546666667 0.03546666667 0.1064 1 0.8090169944 0.5877852523 0 0 0 0
0.1064 0.03546666667 0.1064 1 0.8090169944 0.5877852523 0 0 0 0
0.1773333333 0.03546666667 0.1064 1 0.8090169944 0.5877852523 0 0 0 0
0.2482666667 0.03546666667 0.1064 1 0.8090169944 0.5877852523 0 0 0 0
-0.1773333333 0.1064 0.1064 1 0.8090169944 0.5877852523 0 0 0 0
-0.1064 0.1064 0.1064 1 0.8090169944 0.5877852523 0 0 0 0
-0.03546666667 0.1064 0.1064 1 0.8090169944 0.5877852523 0 0 0 0
0.03546666667 0.1064 0.1064 1 0.8090169944 0.5877852523 0 0 0 0
0.1064 0.1064 0.1064 1 0.8090169944 0.5877852523 0 0 0 0
0.1773333333 0.1064 0.1064 1 0.8090169944 0.5877852523 0 0 0 0
-0.1773333333 0.1773333333 0.1064 1 0.8090169944 0.5877852523 0 0 0 0
-0.1064 0.1773333333 0.1064 1 0.8090169944 0.5877852523 0 0 0 0
-0.03546666667 0.1773333333 0.1064 1 0.8090169944 0.5877852523 0 0 0 0
0.03546666667 0.1773333333 0.1064 1 0.8090169944 0.5877852523 0 0 0 0
0.1064 0.1773333333 0.1064 1 0.8090169944 0.5877852523 0 0 0 0
0.1773333333 0.1773333333 0.1064 1 0.8090169944 0.5877852523 0 0 0 0
-0.03546666667 0.2482666667 0.1064 1 0.8090169944 0.5877852523 0 0 0 0
0.03546666667 0.2482666667 0.1064 1 0.8090169944 0.5877852523 0 0 0 0
-0.1064 -0.1773333333 0.1773333333 1 0.5 0.8660254038 0 0 0 0
-0.03546666667 -0.1773333333 0.1773333333 1 0.5 0.8660254038 0 0 0 0
0.03546666667 -0.1773333333 0.1773333333 1 0.5 0.8660254038 0 0 0 0
0.1064 -0.1773333333 0.1773333333 1 0.5 0.8660254038 0 0 0 0
-0.1773333333 -0.1064 0.1773333333 1 0.5 0.8660254038 0 0 0 0
-0.1064 -0.1064 0.1773333333 1 0.5 0.8660254038 0 0 0 0
-0.03546666667 -0.1064 0.1773333333 1 0.5 0.8660254038 0 0 0 0
0.03546666667 -0.1064 0.1773333333 1 0.5 0.8660254038 0 0 0 0
0.1064 -0.1064 0.1773333333 1 0.5 0.8660254038 0 0 0 0
0.1773333333 -0.1064 0.1773333333 1 0.5 0.8660254038 0 0 0 0
-0.1773333333 -0.03546666667 0.1773333333 1 0.5 0.8660254038 0 0 0 0
-0.1064 -0.03546666667 0.1773333333 1 0.5 0.8660254038 0 0 0 0
-0.03546666667 -0.03546666667 0.1773333333 1 0.5 0.8660254038 0 0 0 0
0.03546666667 -0.03546666667 0.1773333333 1 0.5 0.8660254038 0 0 0 0
0.1064 -0.03546666667 0.1773333333 1 0.5 0.8660254038 0 0 0 0
0.1773333333 -0.03546666667 0.1773333333 1 0.5 0.8660254038 0 0 0 0
-0.1773333333 0.03546666667 0.1773333333 1 0.5 0.8660254038 0 0 0 0
-0.1064 0.03546666667 0.1773333333 1 0.5 0.8660254038 0 0 0 0
-0.03546666667 0.03546666667 0.1773333333 1 0.5 0.8660254038 0 0 0 0
0.03546666667 0.03546666667 0.1773333333 1 0.5 0.8660254038 0 0 0 0
0.1064 0.03546666667 0.1773333333 1 0.5 0.8660254038 0 0 0 0
0.1773333333 0.03546666667 0.1773333333 1 0.5 0.8660254038 0 0 0 0
-0.1773333333 0.1064 0.1773333333 1 0.5 0.8660254038 0 0 0 0
-0.1064 0.1064 0.1773333333 1 0.5 0.8660254038 0 0 0 0
-0.03546666667 0.1064 0.1773333333 1 0.5 0.8660254038 0 0 0 0
0.03546666667 0.1064 0.1773333333 1 0.5 0.8660254038 0 0 0 0
0.1064 0.1064 0.1773333333 1 0.5 0.8660254038 0 0 0 0
0.1773333333 0.1064 0.1773333333 1 0.5 0.8660254038 0 0 0 0
-0.1064 0.1773333333 0.1773333333 1 0.5 0.8660254038 0 0 0 0
-0.03546666667 0.1773333333 0.1773333333 1 0.5 0.8660254038 0 0 0 0
0.03546666667 0.1773333333 0.1773333333 1 0.5 0.8660254038 0 0 0 0
0.1064 0.1773333333 0.1773333333 1 0.5 0.8660254038 0 0 0 0
-0.03546666667 -0.1064 0.2482666667 1 0.1045284633 0.9945218954 0 0 0 0
0.03546666667 -0.1064 0.2482666667 1 0.1045284633 0.9945218954 0 0 0 0
-0.1064 -0.03546666667 0.2482666667 1 0.1045284633 0.9945218954 0 0 0 0
-0.03546666667 -0.03546666667 0.2482666667 1 0.1045284633 0.9945218954 0 0 0 0
0.03546666667 -0.03546666667 0.2482666667 1 0.1045284633 0.9945218954 0 0 0 0
0.1064 -0.03546666667 0.2482666667 1 0.1045284633 0.9945218954 0 0 0 0
-0.1064 0.03546666667 0.2482666667 1 0.1045284633 0.9945218954 0 0 0 0
-0.03546666667 0.03546666667 0.2482666667 1 0.1045284633 0.9945218954 0 0 0 0
0.03546666667 0.03546666667 0.2482666667 1 0.1045284633 0.9945218954 0 0 0 0
0.1064 0.03546666667 0.2482666667 1 0.1045284633 0.9945218954 0 0 0 0
-0.03546666667 0.1064 0.2482666667 1 0.1045284633 0.9945218954 0 0 0 0
0.03546666667 0.1064 0.2482666667 1 0.1045284633 0.9945218954 0 0 0 0
