theta s11 s12 s13 s14 s21 s22 s23 s24 s31 s32 s33 s34 s41 s42 s43 s44
0.00 6.4647663902E-01 2.7755575616E-16 -4.5236627156E-18 8.3858060924E-19 2.7755575616E-16 6.4647663902E-01 -1.2948879787E-18 -2.0830552531E-18 -4.5236627156E-18 1.2948879787E-18 6.4647663902E-01 5.5511151231E-17 8.3858060924E-19 2.0830552531E-18 -5.5511151231E-17 6.4647663902E-01
2.00 6.4583182838E-01 -3.1572508315E-04 -3.6360931311E-18 1.2339242302E-18 -3.1572508315E-04 6.4583182838E-01 -8.5932857315E-19 -2.3014747564E-18 -3.6365123740E-18 8.6110864139E-19 6.4583175121E-01 6.7472860416E-07 1.2328030645E-18 2.3008709083E-18 -6.7472860416E-07 6.4583175121E-01
4.00 6.4390156687E-01 -1.2599667640E-03 -3.6565102758E-18 7.2196715224E-19 -1.2599667640E-03 6.4390156687E-01 -1.3425611914E-18 -2.4458061484E-18 -3.6591414211E-18 1.3497287507E-18 6.4390033413E-01 2.6417010388E-06 7.1719765929E-19 2.4443925676E-18 -2.6417010388E-06 6.4390033413E-01
6.00 6.4069832575E-01 -2.8239579100E-03 -3.5166631116E-18 5.3709782576E-19 -2.8239579100E-03 6.4069832575E-01 -8.0044055054E-19 -1.6087282259E-18 -3.5202206066E-18 8.1596297652E-19 6.4069210222E-01 5.7306605938E-06 5.3004379006E-19 1.6063692055E-18 -5.7306605938E-06 6.4069210222E-01
8.00 6.3624275787E-01 -4.9931981263E-03 -2.7015006598E-18 1.4297246700E-18 -4.9931981263E-03 6.3624275787E-01 -9.2645002650E-19 -2.5270960478E-18 -2.7088333962E-18 9.4771864937E-19 6.3622316432E-01 9.6624236652E-06 1.4099767188E-18 2.5159387348E-18 -9.6624236652E-06 6.3622316432E-01
10.00 6.3056350001E-01 -7.7476195346E-03 -3.4243944660E-18 1.3861967739E-18 -7.7476195346E-03 6.3056350001E-01 -1.7094528397E-18 -1.9132632674E-18 -3.4456279212E-18 1.7517022539E-18 6.3051590126E-01 1.4055628618E-05 1.3628685372E-18 1.8963354191E-18 -1.4055628618E-05 6.3051590126E-01
12.00 6.2369689893E-01 -1.1061815948E-02 -3.1065978526E-18 7.9880052693E-19 -1.1061815948E-02 6.2369689893E-01 -1.6928329805E-18 -2.0373542795E-18 -3.1370926367E-18 1.7482660427E-18 6.2359879540E-01 1.8435952294E-05 7.6287897322E-19 2.0234534449E-18 -1.8435952294E-05 6.2359879540E-01
14.00 6.1568666362E-01 -1.4905332536E-02 -2.4959201131E-18 1.5533819337E-18 -1.4905332536E-02 6.1568666362E-01 -1.8379453224E-18 -1.9981488402E-18 -2.5411058174E-18 1.8989971937E-18 6.1550621306E-01 2.2247569569E-05 1.5055412617E-18 1.9610487187E-18 -2.2247569569E-05 6.1550621306E-01
16.00 6.0658344746E-01 -1.9243012272E-02 -2.5180522162E-18 1.3265924665E-18 -1.9243012272E-02 6.0658344746E-01 -1.7862354549E-18 -1.8075119207E-18 -2.5759625132E-18 1.8671293144E-18 6.0627814128E-01 2.4866577360E-05 1.2699964926E-18 1.7662400720E-18 -2.4866577360E-05 6.0627814128E-01
18.00 5.9644436443E-01 -2.4035394655E-02 -2.5950143297E-18 1.6317929153E-18 -2.4035394655E-02 5.9644436443E-01 -1.8086436296E-18 -1.4748601071E-18 -2.6699999028E-18 1.9148329513E-18 5.9595988037E-01 2.5616057835E-05 1.5737523100E-18 1.4101656667E-18 -2.5616057835E-05 5.9595988037E-01
20.00 5.8533244448E-01 -2.9239161468E-02 -2.7096265008E-18 1.3132957115E-18 -2.9239161468E-02 5.8533244448E-01 -1.8819082125E-18 -1.3779807988E-18 -2.8070874586E-18 2.0198374387E-18 5.8460169469E-01 2.3782417524E-05 1.2461310872E-18 1.3139359232E-18 -2.3782417524E-05 5.8460169469E-01
22.00 5.7331603410E-01 -3.4807623597E-02 -2.4698338241E-18 1.6720735395E-18 -3.4807623597E-02 5.7331603410E-01 -2.3872152644E-18 -6.3482704734E-19 -2.6195475076E-18 2.5418722147E-18 5.7225842410E-01 1.8632610548E-05 1.6366356859E-18 5.3421364221E-19 -1.8632610548E-05 5.7225842410E-01
24.00 5.6046814876E-01 -4.0691242325E-02 -2.0805787167E-18 2.2291426598E-18 -4.0691242325E-02 5.6046814876E-01 -2.4192770480E-18 -5.6459363527E-19 -2.2621566127E-18 2.5771396513E-18 5.5898905936E-01 9.4318361668E-06 2.1939799343E-18 4.0377509089E-19 -9.4318361668E-06 5.5898905936E-01
26.00 5.4686578458E-01 -4.6838177927E-02 -1.9096350931E-18 1.7559478629E-18 -4.6838177927E-02 5.4686578458E-01 -2.2277074905E-18 -2.2634934645E-18 -2.1081944002E-18 2.4000662972E-18 5.4485628510E-01 -4.5387062751E-06 1.5678268766E-18 2.1209127172E-18 4.5387062751E-06 5.4485628510E-01
28.00 5.3258919759E-01 -5.3194857943E-02 -2.2615817044E-18 1.5261459272E-18 -5.3194857943E-02 5.3258919759E-01 -1.9502179775E-18 -1.3851518671E-18 -2.4687767513E-18 2.1869843421E-18 5.2992599474E-01 -2.3964417965E-05 1.3946602403E-18 1.2390149228E-18 2.3964417965E-05 5.2992599474E-01
30.00 5.1772115901E-01 -5.9706557155E-02 -1.6383076791E-18 2.6318296526E-18 -5.9706557155E-02 5.1772115901E-01 -1.7821572025E-18 -1.2366320583E-18 -1.8564625233E-18 1.9842458204E-18 5.1426678200E-01 -4.9480654791E-05 2.5057558479E-18 9.3957318188E-19 4.9480654791E-05 5.1426678200E-01
32.00 5.0234619606E-01 -6.6317981104E-02 -2.3770534355E-18 2.7370740798E-18 -6.6317981104E-02 5.0234619606E-01 -2.1171581666E-18 -1.0685912267E-18 -2.6804393895E-18 2.4523162507E-18 4.9794941450E-01 -8.1657207615E-05 2.6184849793E-18 7.1389934344E-19 8.1657207615E-05 4.9794941450E-01
34.00 4.8654982754E-01 -7.2973844893E-02 -1.6725965141E-18 2.7855518935E-18 -7.2973844893E-02 4.8654982754E-01 -2.4538453109E-18 -1.4646734170E-18 -2.0646287107E-18 2.7353825097E-18 4.8104629507E-01 -1.2098424610E-04 2.5947131656E-18 1.0595552030E-18 1.2098424610E-04 4.8104629507E-01
36.00 4.7041780403E-01 -7.9619439164E-02 -6.9479163545E-19 1.0211068238E-18 -7.9619439164E-02 4.7041780403E-01 -1.1929045158E-18 -1.2387691752E-18 -9.1011810433E-19 1.3292918810E-18 4.6363091688E-01 -1.6786001982E-04 8.2299073777E-19 1.0820293452E-18 1.6786001982E-04 4.6363091688E-01
38.00 4.5403536230E-01 -8.6201175391E-02 -9.3234398945E-19 2.5932062207E-18 -8.6201175391E-02 4.5403536230E-01 -1.9008463426E-18 -1.0689272583E-18 -1.3184028006E-18 2.1160557407E-18 4.4577731890E-01 -2.2258055956E-04 2.4338858058E-18 5.8833038937E-19 2.2258055956E-04 4.4577731890E-01
40.00 4.3748650330E-01 -9.2667103082E-02 -3.8092392779E-19 1.9835577898E-18 -9.2667103082E-02 4.3748650330E-01 -1.8874416708E-18 -1.5275626822E-18 -7.9997587232E-19 2.0130661996E-18 4.2755954808E-01 -2.8533156530E-04 1.6980013612E-18 1.1344662883E-18 2.8533156530E-04 4.2755954808E-01
42.00 4.2085330284E-01 -9.8967392089E-02 -6.9092665494E-19 2.3019261689E-18 -9.8967392089E-02 4.2085330284E-01 -2.6913200172E-18 -6.0686398372E-19 -1.3639432402E-18 2.9360759440E-18 4.0905113488E-01 -3.5618260759E-04 2.2203279613E-18 6.9993355235E-20 3.5618260759E-04 4.0905113488E-01
44.00 4.0421526338E-01 -1.0505477399E-01 -1.3018839626E-19 9.1494005618E-19 -1.0505477399E-01 4.0421526338E-01 -1.2183871239E-18 -1.2431281110E-18 -4.6342959480E-19 1.2956242049E-18 3.9032458840E-01 -4.3508370679E-04 6.1239944773E-19 1.0425585604E-18 4.3508370679E-04 3.9032458840E-01
46.00 3.8764871438E-01 -1.1088493740E-01 -4.2706451460E-19 1.7073586600E-18 -1.1088493740E-01 3.8764871438E-01 -2.1258805054E-18 -1.1933456647E-18 -1.0823026175E-18 2.3450317875E-18 3.7145091745E-01 -5.2186429384E-04 1.4240549431E-18 7.3900030955E-19 5.2186429384E-04 3.7145091745E-01
48.00 3.7122626804E-01 -1.1641687305E-01 -7.4143845868E-19 1.2007532633E-18 -1.1641687305E-01 3.7122626804E-01 -2.6173590061E-18 -7.2827392997E-19 -1.6470263649E-18 3.0006222050E-18 3.5249918299E-01 -6.1623449628E-04 1.0211451318E-18 3.7564784892E-19 6.1623449628E-04 3.5249918299E-01
50.00 3.5501633584E-01 -1.2161316564E-01 5.2205145739E-19 1.8275048118E-18 -1.2161316564E-01 3.5501633584E-01 -2.2248222401E-18 -1.5263801263E-18 -2.5852447138E-19 2.1756826029E-18 3.3353608716E-01 -7.1778863870E-04 1.3880974047E-18 9.6302297348E-19 7.1778863870E-04 3.3353608716E-01
52.00 3.3908271033E-01 -1.2644023047E-01 -3.3738843825E-19 1.5964386279E-18 -1.2644023047E-01 3.3908271033E-01 -1.3232019547E-18 -1.4526140481E-18 -8.9835530397E-19 1.5592112898E-18 3.1462560333E-01 -8.2601079699E-04 1.1344080928E-18 9.2805595837E-19 8.2601079699E-04 3.1462560333E-01
54.00 3.2348421508E-01 -1.3086849413E-01 1.4709820621E-19 1.9086338181E-18 -1.3086849413E-01 3.2348421508E-01 -1.6745044670E-18 -2.4640544037E-19 -5.8619782293E-19 1.7677818760E-18 2.9582865061E-01 -9.4028220351E-04 1.9761947026E-18 -5.6928072712E-19 9.4028220351E-04 2.9582865061E-01
56.00 3.0827442463E-01 -1.3487251958E-01 1.3458340814E-19 1.8596050324E-18 -1.3487251958E-01 3.0827442463E-01 -2.0166789806E-18 -1.3451548309E-18 -8.3693516742E-19 2.1749547684E-18 2.7720281560E-01 -1.0598902666E-03 1.4103651504E-18 5.9946154736E-19 1.0598902666E-03 2.7720281560E-01
58.00 2.9350145486E-01 -1.3843107702E-01 1.2423335678E-19 2.4431940115E-18 -1.3843107702E-01 2.9350145486E-01 -1.9959696770E-18 -1.3431700817E-18 -9.3610714165E-19 2.1960952278E-18 2.5880212320E-01 -1.1840389422E-03 2.0480362448E-18 2.2646126800E-19 1.1840389422E-03 2.5880212320E-01
60.00 2.7920782284E-01 -1.4152716305E-01 7.5121119694E-19 1.8726349962E-18 -1.4152716305E-01 2.7920782284E-01 -2.0450108217E-18 -1.5482468683E-18 -3.3793733081E-19 1.9268192411E-18 2.4067685696E-01 -1.3118601810E-03 1.2601628199E-18 7.0543399341E-19 1.3118601810E-03 2.4067685696E-01
62.00 2.6543037425E-01 -1.4414797117E-01 6.6228806625E-19 2.1200373762E-18 -1.4414797117E-01 2.6543037425E-01 -1.9062445867E-18 -1.2852955573E-18 -4.5509466043E-19 1.8407776319E-18 2.2287342907E-01 -1.4424261655E-03 1.6906148408E-18 1.7145417549E-19 1.4424261655E-03 2.2287342907E-01
64.00 2.5220027521E-01 -1.4628481784E-01 5.5569268688E-19 1.3627391094E-18 -1.4628481784E-01 2.5220027521E-01 -1.5022224449E-18 -1.0887248817E-18 -3.9436159853E-19 1.4456076460E-18 2.0543429853E-01 -1.5747620579E-03 8.9468133147E-19 3.7727468618E-19 1.5747620579E-03 2.0543429853E-01
66.00 2.3954306458E-01 -1.4793302842E-01 5.8393800084E-19 1.8904347292E-18 -1.4793302842E-01 2.3954306458E-01 -1.6407845084E-18 -9.5164102259E-19 -5.6087731681E-19 1.6300510561E-18 1.8839793552E-01 -1.7078589876E-03 1.6513105080E-18 -2.5963570200E-19 1.7078589876E-03 1.8839793552E-01
68.00 2.2747876186E-01 -1.4909178808E-01 1.2022215925E-18 1.6050557617E-18 -1.4909178808E-01 2.2747876186E-01 -2.3373375449E-18 -1.5091667786E-18 -4.4523213202E-19 2.0448256387E-18 1.7179882915E-01 -1.8406870262E-03 8.1078661326E-19 6.2728390713E-19 1.8406870262E-03 1.7179882915E-01
70.00 2.1602202546E-01 -1.4976396260E-01 1.0057172339E-18 2.0303115567E-18 -1.4976396260E-01 2.1602202546E-01 -1.8053168418E-18 -1.1449981426E-18 -3.6288496394E-19 1.5420563589E-18 1.5566753478E-01 -1.9722079227E-03 1.7113193932E-18 -3.4484666587E-19 1.9722079227E-03 1.5566753478E-01
72.00 2.0518235559E-01 -1.4995589458E-01 1.3238618534E-18 1.6124477828E-18 -1.4995589458E-01 2.0518235559E-01 -2.0828805596E-18 -1.1257023520E-18 -3.0799722836E-19 1.6350714155E-18 1.4003075697E-01 -2.1013874006E-03 1.1525532899E-18 -5.2744633800E-20 2.1013874006E-03 1.4003075697E-01
74.00 1.9496433570E-01 -1.4967717972E-01 1.1992641109E-18 1.7339827924E-18 -1.4967717972E-01 1.9496433570E-01 -1.9787554651E-18 -1.4859998145E-18 -5.1558364116E-19 1.6466125227E-18 1.2491146311E-01 -2.2272068485E-03 9.1661908097E-19 2.7096519790E-19 2.2272068485E-03 1.2491146311E-01
76.00 1.8536790664E-01 -1.4894042835E-01 1.3803517330E-18 1.2446883717E-18 -1.4894042835E-01 1.8536790664E-01 -2.3012175686E-18 -9.3577506216E-19 -8.0464639065E-19 2.0043255618E-18 1.1032902313E-01 -2.3486742734E-03 8.1085361282E-19 -6.5388478876E-20 2.3486742734E-03 1.1032902313E-01
78.00 1.7638866756E-01 -1.4776101648E-01 1.1911126518E-18 1.3579606827E-18 -1.4776101648E-01 1.7638866756E-01 -1.8118086525E-18 -9.2754604228E-19 -6.2512710772E-19 1.4998650692E-18 9.6299369899E-02 -2.4648344144E-03 1.0481158358E-18 -3.4629636013E-19 2.4648344144E-03 9.6299369899E-02
80.00 1.6801819784E-01 -1.4615683034E-01 1.4776026445E-18 1.3875379113E-18 -1.4615683034E-01 1.6801819784E-01 -1.5839041510E-18 -1.0536570090E-18 1.7253816265E-19 6.1465017209E-19 8.2835175304E-02 -2.5747779514E-03 9.6066312101E-19 -2.9192916533E-19 2.5747779514E-03 8.2835175304E-02
82.00 1.6024439497E-01 -1.4414800801E-01 1.4943372547E-18 1.4223514050E-18 -1.4414800801E-01 1.6024439497E-01 -1.6384544840E-18 -1.1603647414E-18 1.3662961589E-20 6.8349884543E-19 6.9946037041E-02 -2.6776497701E-03 8.6775693769E-19 -2.4671884188E-19 2.6776497701E-03 6.9946037041E-02
84.00 1.5305182332E-01 -1.4175668084E-01 1.6148368146E-18 1.6214433063E-18 -1.4175668084E-01 1.5305182332E-01 -1.8204028026E-18 -1.4508512598E-18 -2.2406718213E-19 8.6680383248E-19 5.7638671337E-02 -2.7726562727E-03 7.2652150357E-19 -9.3542085448E-20 2.7726562727E-03 5.7638671337E-02
86.00 1.4642206949E-01 -1.3900671713E-01 1.7395024802E-18 1.4231878482E-18 -1.3900671713E-01 1.4642206949E-01 -1.9228574789E-18 -1.1718788039E-18 -3.3454398741E-19 8.9771596144E-19 4.5917107226E-02 -2.8590717431E-03 9.6980411094E-19 -5.1564913544E-19 2.8590717431E-03 4.5917107226E-02
88.00 1.4033410051E-01 -1.3592346965E-01 1.6520031420E-18 1.2775179749E-18 -1.3592346965E-01 1.4033410051E-01 -1.7830550595E-18 -1.2301117168E-18 -3.2960360284E-19 7.3545021874E-19 3.4782878508E-02 -2.9362437959E-03 3.1942401628E-19 3.2815190003E-20 2.9362437959E-03 3.4782878508E-02
90.00 1.3476462131E-01 -1.3253352841E-01 2.0350571513E-18 1.2513878319E-18 -1.3253352841E-01 1.3476462131E-01 -1.9891800491E-18 -1.1829525833E-18 3.7186055070E-19 -3.4348099258E-20 2.4235210001E-02 -3.0035979470E-03 5.3553680984E-19 -2.6960177869E-19 3.0035979470E-03 2.4235210001E-02
92.00 1.2968842883E-01 -1.2886447932E-01 1.7753421243E-18 1.2725232326E-18 -1.2886447932E-01 1.2968842883E-01 -1.7925783731E-18 -1.1560002926E-18 -2.8159364414E-19 4.4978224128E-19 1.4271195356E-02 -3.0606413524E-03 1.0652440363E-18 -8.8896267481E-19 3.0606413524E-03 1.4271195356E-02
94.00 1.2507876019E-01 -1.2494466923E-01 1.6256710640E-18 1.3043637847E-18 -1.2494466923E-01 1.2507876019E-01 -1.6370261217E-18 -1.2911507410E-18 -3.4419994404E-19 3.7570598009E-19 4.8859642943E-03 -3.1069657646E-03 1.5480779122E-19 -6.3541625456E-20 3.1069657646E-03 4.8859642943E-03
96.00 1.2090763292E-01 -1.2080297745E-01 1.5641968522E-18 1.1868449867E-18 -1.2080297745E-01 1.2090763292E-01 -1.5754446908E-18 -1.1844199127E-18 1.3371092473E-19 -2.1554840791E-19 -3.9271621620E-03 -3.1422497515E-03 -2.1321225432E-19 2.1550092534E-19 3.1422497515E-03 -3.9271621620E-03
98.00 1.1714617543E-01 -1.1646859383E-01 1.9349781338E-18 1.6541982533E-18 -1.1646859383E-01 1.1714617543E-01 -1.9314680584E-18 -1.6775264787E-18 -1.0037593730E-19 -1.4630796457E-19 -1.2176529296E-02 -3.1662602206E-03 1.5718499139E-19 -2.7843875082E-19 3.1662602206E-03 -1.2176529296E-02
100.00 1.1376494632E-01 -1.1197080313E-01 1.6490393702E-18 1.3592099727E-18 -1.1197080313E-01 1.1376494632E-01 -1.5500351787E-18 -1.2951852975E-18 -7.6450762745E-19 4.4550629736E-19 -1.9872019310E-02 -3.1788532803E-03 -3.6117386659E-19 1.7255152589E-19 3.1788532803E-03 -1.9872019310E-02
102.00 1.1073424096E-01 -1.0733877583E-01 1.7128575930E-18 1.3683152951E-18 -1.0733877583E-01 1.1073424096E-01 -1.6328122024E-18 -1.3890496461E-18 -5.3624847701E-19 8.1424405624E-20 -2.7024934552E-02 -3.1799744638E-03 -2.6464839533E-20 -2.6645751968E-19 3.1799744638E-03 -2.7024934552E-02
104.00 1.0802438414E-01 -1.0260136534E-01 1.6834921775E-18 1.2744625812E-18 -1.0260136534E-01 1.0802438414E-01 -1.5238605849E-18 -1.4233115198E-18 -7.2821835015E-19 1.7523903396E-19 -3.3647892442E-02 -3.1696583275E-03 3.1707403867E-19 -6.9978223362E-19 3.1696583275E-03 -3.3647892442E-02
106.00 1.0560600752E-01 -9.7786911861E-02 1.7468301041E-18 9.2916145277E-19 -9.7786911861E-02 1.0560600752E-01 -1.7810116881E-18 -9.1371140992E-19 -2.7524888967E-19 -4.4281846140E-19 -3.9754730735E-02 -3.1480274283E-03 -1.9895803736E-19 -1.0664341572E-19 3.1480274283E-03 -3.9754730735E-02
108.00 1.0345031044E-01 -9.2923053456E-02 1.5132898946E-18 1.3916728075E-18 -9.2923053456E-02 1.0345031044E-01 -1.7700413523E-18 -1.1342786393E-18 1.1582204220E-19 -9.1431303338E-19 -4.5360421410E-02 -3.1152906763E-03 -8.5821884920E-19 3.2683471034E-19 3.1152906763E-03 -4.5360421410E-02
110.00 1.0152930286E-01 -8.8036545091E-02 1.7107271298E-18 1.6523775684E-18 -8.8036545091E-02 1.0152930286E-01 -1.8729031444E-18 -1.3906842795E-18 -2.2822222694E-19 -7.7540109701E-19 -5.0480991227E-02 -3.0717410511E-03 -8.8414792659E-19 1.3185633103E-19 3.0717410511E-03 -5.0480991227E-02
112.00 9.9816028898E-02 -8.3153086758E-02 2.0004820419E-18 1.0540855567E-18 -8.3153086758E-02 9.9816028898E-02 -1.9664496049E-18 -1.1329514617E-18 -6.6486732997E-19 -5.6654569246E-19 -5.5133446803E-02 -3.0177526686E-03 -1.6323699243E-19 -4.3034772353E-19 3.0177526686E-03 -5.5133446803E-02
114.00 9.8284769532E-02 -7.8297162028E-02 1.1827313545E-18 1.7499209565E-18 -7.8297162028E-02 9.8284769532E-02 -1.6550653990E-18 -1.5451951157E-18 1.8162103998E-19 -1.1903069221E-18 -5.9335702075E-02 -2.9537771858E-03 -8.6866173064E-19 -1.9110584921E-19 2.9537771858E-03 -5.9335702075E-02
116.00 9.6911223045E-02 -7.3491888657E-02 1.0486279261E-18 1.0956368524E-18 -7.3491888657E-02 9.6911223045E-02 -1.6182345627E-18 -1.2110099127E-18 2.6122210985E-19 -1.2878483125E-18 -6.3106505988E-02 -2.8803395325E-03 -2.8416262006E-19 -5.2499483640E-19 2.8803395325E-03 -6.3106505988E-02
118.00 9.5672661663E-02 -6.8758883015E-02 1.6174513710E-18 1.3494712358E-18 -6.8758883015E-02 9.5672661663E-02 -2.0621406639E-18 -1.0983084965E-18 -2.2845655979E-19 -1.3005347865E-18 -6.6465368484E-02 -2.7980329698E-03 -7.9665262917E-19 -1.3015835678E-19 2.7980329698E-03 -6.6465368484E-02
120.00 9.4548063133E-02 -6.4118140275E-02 1.6210558186E-18 1.4922270344E-18 -6.4118140275E-02 9.4548063133E-02 -1.7863811409E-18 -1.4224855781E-18 -5.8490728552E-19 -9.5592767077E-19 -6.9432483037E-02 -2.7075134849E-03 -6.9558799492E-19 -5.2174782302E-19 2.7075134849E-03 -6.9432483037E-02
122.00 9.3518216049E-02 -5.9587932252E-02 1.6009172582E-18 1.1410258226E-18 -5.9587932252E-02 9.3518216049E-02 -1.8232556233E-18 -1.2931362036E-18 -5.8434914867E-19 -1.0680368827E-18 -7.2028644346E-02 -2.6094935464E-03 -3.9049091961E-19 -6.9629779314E-19 2.6094935464E-03 -7.2028644346E-02
124.00 9.2565798010E-02 -5.5184724743E-02 1.6549140464E-18 1.0155734394E-18 -5.5184724743E-02 9.2565798010E-02 -1.7847821068E-18 -8.0587245937E-19 -7.5802137238E-19 -1.0020145153E-18 -7.4275160164E-02 -2.5047352618E-03 -6.4135672067E-19 -2.1598479840E-19 2.5047352618E-03 -7.4275160164E-02
126.00 9.1675426050E-02 -5.0923116033E-02 1.5140302729E-18 1.2019226865E-18 -5.0923116033E-02 9.1675426050E-02 -1.2834614645E-18 -1.1777008814E-18 -9.8361456744E-19 -5.5110186529E-19 -7.6193756654E-02 -2.3940429968E-03 -6.2813230717E-19 -5.9639033526E-19 2.3940429968E-03 -7.6193756654E-02
128.00 9.0833679145E-02 -4.6815797924E-02 1.6179731243E-18 1.2198505212E-18 -4.6815797924E-02 9.0833679145E-02 -2.2196590799E-18 -8.3518944816E-19 -5.7980024970E-19 -1.6234376774E-18 -7.7806477130E-02 -2.2782555379E-03 -9.0458429531E-19 -1.9351151135E-19 2.2782555379E-03 -7.7806477130E-02
130.00 9.0029093083E-02 -4.2873540303E-02 1.3669166198E-18 1.3836698447E-18 -4.2873540303E-02 9.0029093083E-02 -1.5981252750E-18 -1.1002161719E-18 -7.1540240696E-19 -1.0904392426E-18 -7.9135574506E-02 -2.1582378955E-03 -9.5856219844E-19 -4.7229343106E-19 2.1582378955E-03 -7.9135574506E-02
132.00 8.9252128473E-02 -3.9105199797E-02 1.3513416504E-18 9.9316529609E-19 -3.9105199797E-02 8.9252128473E-02 -1.8983942196E-18 -7.8244882370E-19 -5.9617074797E-19 -1.4625586794E-18 -8.0203398172E-02 -2.0348728647E-03 -7.0858802292E-19 -3.4937640138E-19 2.0348728647E-03 -8.0203398172E-02
134.00 8.8495113203E-02 -3.5517752565E-02 1.0655962512E-18 1.3796498900E-18 -3.5517752565E-02 8.8495113203E-02 -1.8845591456E-18 -8.0033952144E-19 -3.6473175096E-19 -1.5965125156E-18 -8.1032276484E-02 -1.9090524771E-03 -1.1473171444E-18 -2.3171318606E-19 1.9090524771E-03 -8.1032276484E-02
136.00 8.7752161142E-02 -3.2116350717E-02 1.2321115033E-18 7.5427081456E-19 -3.2116350717E-02 8.7752161142E-02 -1.9151994819E-18 -5.9227925958E-19 -5.8323472015E-19 -1.5804645589E-18 -8.1644396351E-02 -1.7816694846E-03 -5.6498567200E-19 -3.0539136365E-19 1.7816694846E-03 -8.1644396351E-02
138.00 8.7019069424E-02 -2.8904401336E-02 1.4539713085E-18 8.1372926493E-19 -2.8904401336E-02 8.7019069424E-02 -1.5623135234E-18 -8.8015563966E-19 -1.0022501213E-18 -1.1571264702E-18 -8.2061681703E-02 -1.6536090290E-03 -5.3267567508E-19 -6.2339122984E-19 1.6536090290E-03 -8.2061681703E-02
140.00 8.6293197045E-02 -2.5883666503E-02 8.2824958285E-19 1.0661181621E-18 -2.5883666503E-02 8.6293197045E-02 -1.3155807693E-18 -1.1247530546E-18 -4.6865231783E-19 -1.1341033232E-18 -8.2305672831E-02 -1.5257406482E-03 -7.5536676445E-19 -8.2294622156E-19 1.5257406482E-03 -8.2305672831E-02
142.00 8.5573327904E-02 -2.3054382239E-02 1.0679934710E-18 7.9548651133E-19 -2.3054382239E-02 8.5573327904E-02 -1.5659552125E-18 -9.0710054910E-19 -6.8053260259E-19 -1.3393232260E-18 -8.2397408677E-02 -1.3989107692E-03 -5.6079167591E-19 -6.9675211719E-19 1.3989107692E-03 -8.2397408677E-02
144.00 8.4859521670E-02 -2.0415393887E-02 7.6882753577E-19 9.6942254645E-19 -2.0415393887E-02 8.4859521670E-02 -1.7771538168E-18 -6.9268316488E-19 -3.6435890412E-19 -1.6474935969E-18 -8.2357314175E-02 -1.2739358295E-03 -8.2153193986E-19 -4.4793614459E-19 1.2739358295E-03 -8.2357314175E-02
146.00 8.4152956054E-02 -1.7964305031E-02 5.7298753221E-19 9.2132886915E-19 -1.7964305031E-02 8.4152956054E-02 -1.6364509215E-18 -6.5206035591E-19 -2.4011966790E-19 -1.5562368364E-18 -8.2205094634E-02 -1.1515961511E-03 -7.9730114188E-19 -4.4437169556E-19 1.1515961511E-03 -8.2205094634E-02
148.00 8.3455764073E-02 -1.5697636889E-02 6.0164603773E-19 8.4900258002E-19 -1.5697636889E-02 8.3455764073E-02 -1.5229372640E-18 -1.2234409506E-18 -3.2882983834E-19 -1.4489220845E-18 -8.1959639012E-02 -1.0326306745E-03 -6.2603335080E-19 -1.0649102994E-18 1.0326306745E-03 -8.1959639012E-02
150.00 8.2770869867E-02 -1.3610994906E-02 7.6424323249E-19 4.6134560808E-19 -1.3610994906E-02 8.2770869867E-02 -1.3509923695E-18 -7.1789463950E-19 -5.5344227707E-19 -1.2494674983E-18 -8.1638933623E-02 -9.1773263334E-04 -3.4183206140E-19 -6.3688624604E-19 9.1773263334E-04 -8.1638933623E-02
152.00 8.2101826416E-02 -1.1699239286E-02 5.1965208203E-19 8.7479468447E-19 -1.1699239286E-02 8.2101826416E-02 -1.1718255516E-18 -7.8857002904E-19 -3.6394381098E-19 -1.1157056390E-18 -8.1259987509E-02 -8.0754622242E-04 -7.6670785130E-19 -6.5970504144E-19 8.0754622242E-04 -8.1259987509E-02
154.00 8.1452658201E-02 -9.9566562679E-03 4.2070728553E-19 7.6319816638E-19 -9.9566562679E-03 8.1452658201E-02 -1.6739522671E-18 -8.4622528951E-19 -2.2348809049E-19 -1.6413173491E-18 -8.0838770320E-02 -7.0266428272E-04 -6.6282438169E-19 -7.4438418773E-19 7.0266428272E-04 -8.0838770320E-02
156.00 8.0827711498E-02 -8.3771271335E-03 4.1832455579E-19 5.8470207896E-19 -8.3771271335E-03 8.0827711498E-02 -1.4345794050E-18 -9.7820339217E-19 -2.7474318811E-19 -1.4056439503E-18 -8.0390163089E-02 -6.0362699207E-04 -4.8388699404E-19 -9.1204359428E-19 6.0362699207E-04 -8.0390163089E-02
158.00 8.0231514502E-02 -6.9542922064E-03 4.3858160826E-19 4.7144006309E-19 -6.9542922064E-03 8.0231514502E-02 -1.7902241328E-18 -8.1954398375E-19 -2.8704286148E-19 -1.7637886841E-18 -7.9927921894E-02 -5.1092151980E-04 -4.0008979073E-19 -7.7036364772E-19 5.1092151980E-04 -7.9927921894E-02
160.00 7.9668648971E-02 -5.6817074360E-03 -7.5447360994E-20 1.0090755252E-18 -5.6817074360E-03 7.9668648971E-02 -1.7214954452E-18 -1.1747871259E-18 1.9376085516E-19 -1.7371726278E-18 -7.9464653899E-02 -4.2498257171E-04 -9.2870513387E-19 -1.0963637148E-18 4.2498257171E-04 -7.9464653899E-02
162.00 7.9143634593E-02 -4.5529915480E-03 4.6405822331E-19 4.5953055752E-19 -4.5529915480E-03 7.9143634593E-02 -1.4619331390E-18 -1.1704154599E-18 -3.8230374077E-19 -1.4426244301E-18 -7.9011804905E-02 -3.4619372353E-04 -3.9117794757E-19 -1.1395672750E-18 3.4619372353E-04 -7.9011804905E-02
164.00 7.8660826672E-02 -3.5619621520E-03 7.7285097250E-20 5.6626364245E-19 -3.5619621520E-03 7.8660826672E-02 -1.9165986636E-18 -1.1912963895E-18 7.7190254534E-21 -1.9191336001E-18 -7.8579657127E-02 -2.7488941602E-04 -5.1287492120E-19 -1.1601450422E-18 2.7488941602E-04 -7.8579657127E-02
166.00 7.8224327336E-02 -2.7027596064E-03 3.3705474292E-20 8.4711255609E-19 -2.7027596064E-03 7.8224327336E-02 -1.5637421219E-18 -1.4990526701E-18 1.8184594118E-20 -1.5674813888E-18 -7.8177335627E-02 -2.1135746530E-04 -7.9584541765E-19 -1.4664294370E-18 2.1135746530E-04 -7.8177335627E-02
168.00 7.7837909936E-02 -1.9699578356E-03 2.2050333703E-20 7.3930423072E-19 -1.9699578356E-03 7.7837909936E-02 -1.4369423029E-18 -1.5631908691E-18 1.2919149607E-20 -1.4399358357E-18 -7.7812821583E-02 -1.5584192773E-04 -6.9999375762E-19 -1.5420943118E-18 1.5584192773E-04 -7.7812821583E-02
170.00 7.7504956022E-02 -1.3586616418E-03 -1.3981079282E-19 4.4835260968E-19 -1.3586616418E-03 7.7504956022E-02 -1.5424068947E-18 -1.1404970618E-18 1.6627455489E-19 -1.5466804375E-18 -7.7492970419E-02 -1.0854615076E-04 -4.2865885730E-19 -1.1306461534E-18 1.0854615076E-04 -7.7492970419E-02
172.00 7.7228403963E-02 -8.6459035216E-04 6.2573057553E-21 7.4146706705E-19 -8.6459035216E-04 7.7228403963E-02 -1.5498560079E-18 -1.2112421943E-18 1.0437965258E-20 -1.5509672672E-18 -7.7223532767E-02 -6.9635840198E-05 -7.2796225071E-19 -1.2016185995E-18 6.9635840198E-05 -7.7223532767E-02
174.00 7.7010708136E-02 -4.8414786890E-04 -3.1605275734E-20 1.9862471109E-19 -4.8414786890E-04 7.7010708136E-02 -1.4942107651E-18 -1.4641932527E-18 4.0903300185E-20 -1.4951842939E-18 -7.7009176261E-02 -3.9241979950E-05 -1.8944429023E-19 -1.4622117387E-18 3.9241979950E-05 -7.7009176261E-02
176.00 7.6853807537E-02 -2.1447934713E-04 -2.4097995582E-20 3.7404591447E-19 -2.1447934713E-04 7.6853807537E-02 -1.6029086119E-18 -1.4409810173E-18 2.8487333494E-20 -1.6033092629E-18 -7.6853506274E-02 -1.7463452373E-05 -3.7003242817E-19 -1.4395784746E-18 1.7463452373E-05 -7.6853506274E-02
178.00 7.6759102718E-02 -5.3514806879E-05 -1.8009741259E-19 2.3038762597E-19 -5.3514806879E-05 7.6759102718E-02 -1.2733559872E-18 -1.5612792701E-18 1.8097216088E-19 -1.2735707156E-18 -7.6759083939E-02 -4.3692258930E-06 -2.2930949268E-19 -1.5610465374E-18 4.3692258930E-06 -7.6759083939E-02
180.00 7.6727440070E-02 4.8572257327E-17 -2.7312080139E-19 3.3853667527E-19 4.8572257327E-17 7.6727440070E-02 -1.5454723952E-18 -1.6243754755E-18 2.7312080139E-19 -1.5454723952E-18 -7.6727440070E-02 -6.9388939039E-18 -3.3853667527E-19 -1.6243754755E-18 6.9388939039E-18 -7.6727440070E-02
182.00 7.6759102718E-02 -5.3514806879E-05 -1.6339303379E-19 3.7642942742E-19 -5.3514806879E-05 7.6759102718E-02 -1.0512629472E-18 -1.6189519571E-18 1.6410462888E-19 -1.0514692531E-18 -7.6759083939E-02 -4.3692258932E-06 -3.7531016156E-19 -1.6186300636E-18 4.3692258932E-06 -7.6759083939E-02
184.00 7.6853807537E-02 -2.1447934713E-04 -3.4693123354E-19 5.0134838266E-19 -2.1447934713E-04 7.6853807537E-02 -1.1888006375E-18 -1.5660062860E-18 3.5013729840E-19 -1.1901289640E-18 -7.6853506274E-02 -1.7463452373E-05 -4.9705956907E-19 -1.5643428504E-18 1.7463452373E-05 -7.6853506274E-02
186.00 7.7010708136E-02 -4.8414786890E-04 -2.3575266539E-19 1.4913815236E-19 -4.8414786890E-04 7.7010708136E-02 -1.0342548877E-18 -1.9009624772E-18 2.4218962547E-19 -1.0367255671E-18 -7.7009176261E-02 -3.9241979950E-05 -1.3731339958E-19 -1.8995343870E-18 3.9241979950E-05 -7.7009176261E-02
188.00 7.7228403963E-02 -8.6459035216E-04 -4.7408776506E-19 1.8284852776E-19 -8.6459035216E-04 7.7228403963E-02 -1.1301028501E-18 -2.0529399928E-18 4.8662567600E-19 -1.1373305679E-18 -7.7223532767E-02 -6.9635840198E-05 -1.6031427207E-19 -2.0499967479E-18 6.9635840198E-05 -7.7223532767E-02
190.00 7.7504956022E-02 -1.3586616418E-03 -3.8730498266E-19 -1.0174035356E-19 -1.3586616418E-03 7.7504956022E-02 -1.1984234498E-18 -1.7425574167E-18 4.0856101963E-19 -1.2078406574E-18 -7.7492970419E-02 -1.0854615076E-04 1.3173555960E-19 -1.7429188671E-18 1.0854615076E-04 -7.7492970419E-02
192.00 7.7837909936E-02 -1.9699578356E-03 -6.5804003938E-19 2.4875025492E-21 -1.9699578356E-03 7.7837909936E-02 -1.0733565907E-18 -1.8512525382E-18 6.8551209986E-19 -1.0940663444E-18 -7.7812821583E-02 -1.5584192773E-04 4.3006227622E-20 -1.8495952689E-18 1.5584192773E-04 -7.7812821583E-02
194.00 7.8224327336E-02 -2.7027596064E-03 -2.0968285956E-19 3.4500487786E-19 -2.7027596064E-03 7.8224327336E-02 -9.2485473865E-19 -2.0926096832E-18 2.4104365380E-19 -9.3828165148E-19 -7.8177335627E-02 -2.1135746530E-04 -2.7351789082E-19 -2.0794032627E-18 2.1135746530E-04 -7.8177335627E-02
196.00 7.8660826672E-02 -3.5619621520E-03 -6.0926835971E-19 -2.6795226783E-19 -3.5619621520E-03 7.8660826672E-02 -1.2104872643E-18 -2.0238776090E-18 6.6601937534E-19 -1.2464698971E-18 -7.8579657127E-02 -2.7488941602E-04 3.5764015383E-19 -2.0337538506E-18 2.7488941602E-04 -7.8579657127E-02
198.00 7.9143634593E-02 -4.5529915480E-03 -2.4944966576E-20 -3.9342755763E-20 -4.5529915480E-03 7.9143634593E-02 -7.7213996789E-19 -2.1962866847E-18 7.0206376609E-20 -7.8449975827E-19 -7.9011804905E-02 -3.4619372353E-04 1.6566003532E-19 -2.1987809212E-18 3.4619372353E-04 -7.9011804905E-02
200.00 7.9668648971E-02 -5.6817074360E-03 -5.4971665221E-19 8.5101185212E-20 -5.6817074360E-03 7.9668648971E-02 -1.0163759211E-18 -2.0162165690E-18 6.2409534889E-19 -1.0690371430E-18 -7.9464653899E-02 -4.2498257171E-04 5.5501740182E-20 -2.0095904287E-18 4.2498257171E-04 -7.9464653899E-02
202.00 8.0231514502E-02 -6.9542922064E-03 -8.2033802872E-19 -9.8701523818E-20 -6.9542922064E-03 8.0231514502E-02 -8.8069752768E-19 -2.1670001208E-18 9.0188253105E-19 -9.6933786356E-19 -7.9927921894E-02 -5.1092151980E-04 2.8185561521E-19 -2.1776225524E-18 5.1092151980E-04 -7.9927921894E-02
204.00 8.0827711498E-02 -8.3771271335E-03 -6.5986041337E-19 -2.6182474374E-19 -8.3771271335E-03 8.0827711498E-02 -6.3892813763E-19 -1.7886199923E-18 7.3336680341E-19 -7.2483437121E-19 -8.0390163089E-02 -6.0362699207E-04 4.4412787025E-19 -1.8201962114E-18 6.0362699207E-04 -8.0390163089E-02
206.00 8.1452658201E-02 -9.9566562679E-03 -8.3664486831E-19 -2.1757941553E-19 -9.9566562679E-03 8.1452658201E-02 -9.6410853899E-19 -1.7440207031E-18 9.6544432026E-19 -1.0899019014E-18 -8.0838770320E-02 -7.0266428272E-04 4.2564543044E-19 -1.7745897169E-18 7.0266428272E-04 -8.0838770320E-02
208.00 8.2101826416E-02 -1.1699239286E-02 -5.1359612644E-19 1.3856113883E-19 -1.1699239286E-02 8.2101826416E-02 -3.6367171048E-19 -2.0969116926E-18 5.7282815346E-19 -4.6219392504E-19 -8.1259987509E-02 -8.0754622242E-04 1.5620927671E-19 -2.0940930725E-18 8.0754622242E-04 -8.1259987509E-02
210.00 8.2770869867E-02 -1.3610994906E-02 -6.2598755237E-19 -2.1717770560E-19 -1.3610994906E-02 8.2770869867E-02 -4.1460464549E-19 -2.1108578677E-18 7.1013223613E-19 -5.4911456898E-19 -8.1638933623E-02 -9.1773263334E-04 5.6413220656E-19 -2.1701607101E-18 9.1773263334E-04 -8.1638933623E-02
212.00 8.3455764073E-02 -1.5697636889E-02 -5.5136922973E-19 -1.8319503522E-19 -1.5697636889E-02 8.3455764073E-02 -4.7516417657E-19 -2.3618951813E-18 6.6038677287E-19 -6.2008612753E-19 -8.1959639012E-02 -1.0326306745E-03 6.3058987996E-19 -2.4322847026E-18 1.0326306745E-03 -8.1959639012E-02
214.00 8.4152956054E-02 -1.7964305031E-02 -7.0021211289E-19 -1.5839809037E-19 -1.7964305031E-02 8.4152956054E-02 -5.7903802858E-19 -2.2074188731E-18 8.5220309092E-19 -7.7776432767E-19 -8.2205094634E-02 -1.1515961511E-03 6.3260093475E-19 -2.2834432034E-18 1.1515961511E-03 -8.2205094634E-02
216.00 8.4859521670E-02 -2.0415393887E-02 -8.4028176873E-19 3.6865979345E-19 -2.0415393887E-02 8.4859521670E-02 -6.1933518293E-19 -2.0129183836E-18 1.0209355628E-18 -8.7690704912E-19 -8.2357314175E-02 -1.2739358295E-03 1.0332563204E-19 -1.9691248387E-18 1.2739358295E-03 -8.2357314175E-02
218.00 8.5573327904E-02 -2.3054382239E-02 -5.8610217751E-19 1.1534660590E-19 -2.3054382239E-02 8.5573327904E-02 -5.0749577929E-19 -2.3386983480E-18 7.5954431021E-19 -7.3152223738E-19 -8.2397408677E-02 -1.3989107692E-03 5.2166832311E-19 -2.3841480537E-18 1.3989107692E-03 -8.2397408677E-02
220.00 8.6293197045E-02 -2.5883666503E-02 -7.7584880310E-19 1.2754082839E-19 -2.5883666503E-02 8.6293197045E-02 -5.5244138724E-19 -1.8544094626E-18 9.9515975675E-19 -8.5819964688E-19 -8.2305672831E-02 -1.5257406482E-03 4.3101105113E-19 -1.8882332342E-18 1.5257406482E-03 -8.2305672831E-02
222.00 8.7019069424E-02 -2.8904401336E-02 -8.8937575919E-19 7.8954283509E-20 -2.8904401336E-02 8.7019069424E-02 -3.4359035053E-19 -1.9787801945E-18 1.0760461501E-18 -7.1904010202E-19 -8.2061681703E-02 -1.6536090290E-03 5.9157414258E-19 -2.0560201804E-18 1.6536090290E-03 -8.2061681703E-02
224.00 8.7752161142E-02 -3.2116350717E-02 -1.4210217205E-18 2.3829793172E-19 -3.2116350717E-02 8.7752161142E-02 5.5034061366E-21 -2.1504257448E-18 1.5373009706E-18 -6.0117633684E-19 -8.1644396351E-02 -1.7816694846E-03 5.5623788902E-19 -2.2044397049E-18 1.7816694846E-03 -8.1644396351E-02
226.00 8.8495113203E-02 -3.5517752565E-02 -1.0461826818E-18 2.0830371575E-19 -3.5517752565E-02 8.8495113203E-02 -2.4720655184E-19 -2.3714733465E-18 1.2693124281E-18 -7.8695985520E-19 -8.1032276484E-02 -1.9090524771E-03 7.8206316476E-19 -2.4800361471E-18 1.9090524771E-03 -8.1032276484E-02
228.00 8.9252128473E-02 -3.9105199797E-02 -8.9086169822E-19 2.9764425868E-19 -3.9105199797E-02 8.9252128473E-02 2.3029629241E-20 -2.2025864255E-18 9.9834281071E-19 -4.6693927212E-19 -8.0203398172E-02 -2.0348728647E-03 7.1737232136E-19 -2.2941163411E-18 2.0348728647E-03 -8.0203398172E-02
230.00 9.0029093083E-02 -4.2873540303E-02 -9.2417977186E-19 -1.2864677287E-19 -4.2873540303E-02 9.0029093083E-02 -2.1494372439E-19 -1.9963267023E-18 1.2004453535E-18 -8.0846738326E-19 -7.9135574506E-02 -2.1582378955E-03 1.1951729618E-18 -2.3187821825E-18 2.1582378955E-03 -7.9135574506E-02
232.00 9.0833679145E-02 -4.6815797924E-02 -1.2209809678E-18 3.2434659732E-19 -4.6815797924E-02 9.0833679145E-02 -1.8130447210E-20 -1.8717450831E-18 1.4569602287E-18 -8.1339582600E-19 -7.7806477130E-02 -2.2782555379E-03 7.0490682956E-19 -1.9661579557E-18 2.2782555379E-03 -7.7806477130E-02
234.00 9.1675426050E-02 -5.0923116033E-02 -1.2390333772E-18 5.0538290234E-19 -5.0923116033E-02 9.1675426050E-02 1.7923423524E-19 -2.1235003319E-18 1.3951105819E-18 -6.8143233283E-19 -7.6193756654E-02 -2.3940429968E-03 7.6730835648E-19 -2.1957933893E-18 2.3940429968E-03 -7.6193756654E-02
236.00 9.2565798010E-02 -5.5184724743E-02 -1.0022119402E-18 4.4434271975E-19 -5.5184724743E-02 9.2565798010E-02 3.7099936945E-19 -2.3371622800E-18 1.0121000773E-18 -3.6893107500E-19 -7.4275160164E-02 -2.5047352618E-03 1.1485626651E-18 -2.5701228479E-18 2.5047352618E-03 -7.4275160164E-02
238.00 9.3518216049E-02 -5.9587932252E-02 -1.0618961978E-18 8.4026356487E-19 -5.9587932252E-02 9.3518216049E-02 7.9157340487E-20 -2.0212197865E-18 1.3325307153E-18 -8.4449337668E-19 -7.2028644346E-02 -2.6094935464E-03 5.3288699449E-19 -1.8985169237E-18 2.6094935464E-03 -7.2028644346E-02
240.00 9.4548063133E-02 -6.4118140275E-02 -1.0274271607E-18 5.3112095887E-19 -6.4118140275E-02 9.4548063133E-02 3.2106205454E-19 -2.2966840456E-18 1.1553315282E-18 -6.1348561180E-19 -6.9432483037E-02 -2.7075134849E-03 1.3526028748E-18 -2.6130639651E-18 2.7075134849E-03 -6.9432483037E-02
242.00 9.5672661663E-02 -6.8758883015E-02 -1.1655609776E-18 8.4408185370E-19 -6.8758883015E-02 9.5672661663E-02 5.7717564524E-19 -2.1554565684E-18 1.1213932300E-18 -4.6799777216E-19 -6.6465368484E-02 -2.7980329698E-03 9.6762471434E-19 -2.2097322518E-18 2.7980329698E-03 -6.6465368484E-02
244.00 9.6911223045E-02 -7.3491888657E-02 -9.0846840267E-19 8.0159228528E-19 -7.3491888657E-02 9.6911223045E-02 4.9535783830E-19 -1.7858022308E-18 8.5519115291E-19 -3.7903790922E-19 -6.3106505988E-02 -2.8803395325E-03 8.0967006922E-19 -1.7916059158E-18 2.8803395325E-03 -6.3106505988E-02
246.00 9.8284769532E-02 -7.8297162028E-02 -9.2411881054E-19 6.8633617652E-19 -7.8297162028E-02 9.8284769532E-02 7.2486206598E-19 -1.5464559924E-18 6.1768740569E-19 -1.0093992965E-19 -5.9335702075E-02 -2.9537771858E-03 8.7303612661E-19 -1.6508904167E-18 2.9537771858E-03 -5.9335702075E-02
248.00 9.9816028898E-02 -8.3153086758E-02 -1.2884477211E-18 5.9736018395E-19 -8.3153086758E-02 9.9816028898E-02 6.6703056837E-19 -1.7018934671E-18 1.4037320943E-18 -8.5241675866E-19 -5.5133446803E-02 -3.0177526686E-03 1.4084999573E-18 -2.1335782210E-18 3.0177526686E-03 -5.5133446803E-02
250.00 1.0152930286E-01 -8.8036545091E-02 -9.8717301327E-19 1.0070042276E-18 -8.8036545091E-02 1.0152930286E-01 7.5644711569E-19 -1.6118349631E-18 7.1140268006E-19 -2.8951615647E-19 -5.0480991227E-02 -3.0717410511E-03 7.4235268513E-19 -1.4679978856E-18 3.0717410511E-03 -5.0480991227E-02
252.00 1.0345031044E-01 -9.2923053456E-02 -1.2541851690E-18 9.7789992558E-19 -9.2923053456E-02 1.0345031044E-01 9.3143868815E-19 -1.6106045145E-18 1.0208479967E-18 -5.5705355097E-19 -4.5360421410E-02 -3.1152906763E-03 9.9906479832E-19 -1.6316582590E-18 3.1152906763E-03 -4.5360421410E-02
254.00 1.0560600752E-01 -9.7786911861E-02 -1.0529692955E-18 1.2191583592E-18 -9.7786911861E-02 1.0560600752E-01 8.2590741868E-19 -1.8824208933E-18 8.7036221005E-19 -5.5112601690E-19 -3.9754730735E-02 -3.1480274283E-03 1.3227546520E-18 -1.9580629206E-18 3.1480274283E-03 -3.9754730735E-02
256.00 1.0802438414E-01 -1.0260136534E-01 -1.0359187972E-18 1.0075747205E-18 -1.0260136534E-01 1.0802438414E-01 7.8700199713E-19 -1.4746047479E-18 1.0356360332E-18 -7.8177447011E-19 -3.3647892442E-02 -3.1696583275E-03 1.1641504589E-18 -1.5881163988E-18 3.1696583275E-03 -3.3647892442E-02
258.00 1.1073424096E-01 -1.0733877583E-01 -1.1243207415E-18 1.6050117451E-18 -1.0733877583E-01 1.1073424096E-01 1.0780896778E-18 -1.9770685311E-18 4.6855249050E-19 -2.4785084505E-19 -2.7024934552E-02 -3.1799744638E-03 1.2209603507E-18 -1.6969894140E-18 3.1799744638E-03 -2.7024934552E-02
260.00 1.1376494632E-01 -1.1197080313E-01 -1.0974310063E-18 1.0924537268E-18 -1.1197080313E-01 1.1376494632E-01 1.0540261308E-18 -1.3411032921E-18 5.3821913304E-19 -3.8309139122E-19 -1.9872019310E-02 -3.1788532803E-03 1.2163108874E-18 -1.4608395399E-18 3.1788532803E-03 -1.9872019310E-02
262.00 1.1714617543E-01 -1.1646859383E-01 -1.3095816091E-18 1.2561224828E-18 -1.1646859383E-01 1.1714617543E-01 1.3171471016E-18 -1.4129277121E-18 3.4875645225E-19 -2.4801996322E-19 -1.2176529296E-02 -3.1662602206E-03 1.3392572714E-18 -1.5139751398E-18 3.1662602206E-03 -1.2176529296E-02
264.00 1.2090763292E-01 -1.2080297745E-01 -1.3506851169E-18 1.3699421018E-18 -1.2080297745E-01 1.2090763292E-01 1.3657867590E-18 -1.4490279280E-18 9.0766671052E-19 -9.0017793009E-19 -3.9271621620E-03 -3.1422497515E-03 1.6699885530E-18 -1.7511036744E-18 3.1422497515E-03 -3.9271621620E-03
266.00 1.2507876019E-01 -1.2494466923E-01 -1.2535039972E-18 1.8219652205E-18 -1.2494466923E-01 1.2507876019E-01 1.3022303740E-18 -1.7755370511E-18 3.0252965509E-19 -3.9717895790E-19 4.8859642943E-03 -3.1069657646E-03 1.4296483184E-18 -1.3911051768E-18 3.1069657646E-03 4.8859642943E-03
268.00 1.2968842883E-01 -1.2886447932E-01 -1.3604306277E-18 1.6644940963E-18 -1.2886447932E-01 1.2968842883E-01 1.4105938971E-18 -1.5134971439E-18 5.8694091817E-20 -2.4926446323E-19 1.4271195356E-02 -3.0606413524E-03 1.4721432779E-18 -1.3295317643E-18 3.0606413524E-03 1.4271195356E-02
270.00 1.3476462131E-01 -1.3253352841E-01 -1.0143140756E-18 1.3789484800E-18 -1.3253352841E-01 1.3476462131E-01 1.0849117997E-18 -1.1041036151E-18 8.9312542302E-20 -3.0754551611E-19 2.4235210001E-02 -3.0035979470E-03 1.6410413131E-18 -1.4394983601E-18 3.0035979470E-03 2.4235210001E-02
272.00 1.4033410051E-01 -1.3592346965E-01 -1.2195368501E-18 1.8389198105E-18 -1.3592346965E-01 1.4033410051E-01 1.1862908678E-18 -1.5263186467E-18 -4.0448345437E-19 6.5803961492E-20 3.4782878508E-02 -2.9362437959E-03 1.4206118456E-18 -1.0224740366E-18 2.9362437959E-03 3.4782878508E-02
274.00 1.4642206949E-01 -1.3900671713E-01 -1.1746055266E-18 1.5648762797E-18 -1.3900671713E-01 1.4642206949E-01 1.2472922134E-18 -1.0118662103E-18 -8.9276918743E-20 -3.2614589571E-19 4.5917107226E-02 -2.8590717431E-03 1.9213094971E-18 -1.5310468921E-18 2.8590717431E-03 4.5917107226E-02
276.00 1.5305182332E-01 -1.4175668084E-01 -1.3191753624E-18 1.7684832661E-18 -1.4175668084E-01 1.5305182332E-01 1.5780991944E-18 -1.4350208203E-18 3.2142033453E-19 -9.1800173964E-19 5.7638671337E-02 -2.7726562727E-03 1.1821401581E-18 -5.8306458807E-19 2.7726562727E-03 5.7638671337E-02
278.00 1.6024439497E-01 -1.4414800801E-01 -1.3431953916E-18 2.3804186867E-18 -1.4414800801E-01 1.6024439497E-01 1.1576723749E-18 -1.7348605775E-18 -7.6222150828E-19 1.5134862120E-19 6.9946037041E-02 -2.6776497701E-03 1.8490124534E-18 -9.2536578847E-19 2.6776497701E-03 6.9946037041E-02
280.00 1.6801819784E-01 -1.4615683034E-01 -1.4935840117E-18 1.5248529631E-18 -1.4615683034E-01 1.6801819784E-01 1.8687638688E-18 -1.0120115595E-18 2.2694625337E-19 -1.1342511420E-18 8.2835175304E-02 -2.5747779514E-03 1.3143568640E-18 -6.7304453741E-19 2.5747779514E-03 8.2835175304E-02
282.00 1.7638866756E-01 -1.4776101648E-01 -1.5262994968E-18 1.8107884514E-18 -1.4776101648E-01 1.7638866756E-01 1.5974021696E-18 -1.1261669210E-18 -3.8504889417E-19 -5.6528246841E-19 9.6299369899E-02 -2.4648344144E-03 1.5789294529E-18 -7.3016248513E-19 2.4648344144E-03 9.6299369899E-02
284.00 1.8536790664E-01 -1.4894042835E-01 -1.7511888541E-18 1.6204750967E-18 -1.4894042835E-01 1.8536790664E-01 1.5355387967E-18 -1.2355289373E-18 -8.9136094928E-19 -2.1339545535E-19 1.1032902313E-01 -2.3486742734E-03 1.0357233982E-18 -1.1627075441E-19 2.3486742734E-03 1.1032902313E-01
286.00 1.9496433570E-01 -1.4967717972E-01 -1.6901688625E-18 1.4989090979E-18 -1.4967717972E-01 1.9496433570E-01 1.7597732351E-18 -1.2657344389E-18 -5.4387156908E-19 -7.2438755959E-19 1.2491146311E-01 -2.2272068485E-03 8.1314347342E-19 1.6657579829E-19 2.2272068485E-03 1.2491146311E-01
288.00 2.0518235559E-01 -1.4995589458E-01 -1.6085591457E-18 1.6621852958E-18 -1.4995589458E-01 2.0518235559E-01 1.3935408624E-18 -1.2444253164E-18 -8.8100759020E-19 -3.1991698307E-19 1.4003075697E-01 -2.1013874006E-03 1.0896952063E-18 3.8615554062E-20 2.1013874006E-03 1.4003075697E-01
290.00 2.1602202546E-01 -1.4976396260E-01 -1.9489415845E-18 2.0134107126E-18 -1.4976396260E-01 2.1602202546E-01 2.2403670835E-18 -1.3008784666E-18 -5.6862189625E-19 -1.2320917496E-18 1.5566753478E-01 -1.9722079227E-03 1.5352906174E-18 -1.4741613638E-19 1.9722079227E-03 1.5566753478E-01
292.00 2.2747876186E-01 -1.4909178808E-01 -1.5941326100E-18 2.2185175441E-18 -1.4909178808E-01 2.2747876186E-01 1.6564043249E-18 -1.3424593500E-18 -6.9222836687E-19 -8.0813612945E-19 1.7179882915E-01 -1.8406870262E-03 1.7650980796E-18 -1.5639968312E-19 1.8406870262E-03 1.7179882915E-01
294.00 2.3954306458E-01 -1.4793302842E-01 -2.0397363965E-18 1.9150770146E-18 -1.4793302842E-01 2.3954306458E-01 1.8599122956E-18 -1.3836616168E-18 -1.1451694652E-18 -7.6545045850E-19 1.8839793552E-01 -1.7078589876E-03 1.3381164451E-18 2.4860208798E-19 1.7078589876E-03 1.8839793552E-01
296.00 2.5220027521E-01 -1.4628481784E-01 -2.3968091654E-18 2.3629691510E-18 -1.4628481784E-01 2.5220027521E-01 1.9155134159E-18 -1.5750998734E-18 -1.5919841603E-18 -6.4674572385E-19 2.0543429853E-01 -1.5747620579E-03 1.7670918560E-18 2.4609152170E-19 1.5747620579E-03 2.0543429853E-01
298.00 2.6543037425E-01 -1.4414797117E-01 -2.2739777254E-18 2.1072930179E-18 -1.4414797117E-01 2.6543037425E-01 1.7259181956E-18 -1.8427649021E-18 -1.6003750777E-18 -5.9009274561E-19 2.2287342907E-01 -1.4424261655E-03 1.3074700324E-18 8.2788064938E-19 1.4424261655E-03 2.2287342907E-01
300.00 2.7920782284E-01 -1.4152716305E-01 -2.6409659814E-18 1.5447316476E-18 -1.4152716305E-01 2.7920782284E-01 1.4352252781E-18 -1.9000538895E-18 -2.2234138320E-18 -1.1906780308E-19 2.4067685696E-01 -1.3118601810E-03 6.6261092785E-19 1.2952313972E-18 1.3118601810E-03 2.4067685696E-01
302.00 2.9350145486E-01 -1.3843107702E-01 -1.5849552235E-18 1.5581756967E-18 -1.3843107702E-01 2.9350145486E-01 2.3469867358E-18 -2.0734038563E-18 -5.4507651720E-19 -1.8207903337E-18 2.5880212320E-01 -1.1840389422E-03 6.5555070057E-19 1.5096136653E-18 1.1840389422E-03 2.5880212320E-01
304.00 3.0827442463E-01 -1.3487251958E-01 -2.7832847642E-18 2.0861947470E-18 -1.3487251958E-01 3.0827442463E-01 1.5384812414E-18 -1.7922900154E-18 -2.3522194598E-18 -3.6046194096E-19 2.7720281560E-01 -1.0598902666E-03 1.4390067421E-18 9.7677500402E-19 1.0598902666E-03 2.7720281560E-01
306.00 3.2348421508E-01 -1.3086849413E-01 -2.5743905285E-18 1.2744384126E-18 -1.3086849413E-01 3.2348421508E-01 1.4430450988E-18 -2.4462790382E-18 -2.1776519986E-18 -4.4579683482E-19 2.9582865061E-01 -9.4028220351E-04 3.0447439082E-19 2.1097674026E-18 9.4028220351E-04 2.9582865061E-01
308.00 3.3908271033E-01 -1.2644023047E-01 -2.6541756108E-18 2.1412054898E-18 -1.2644023047E-01 3.3908271033E-01 1.3580108655E-18 -1.3416454897E-18 -2.3193713279E-18 -3.9846135523E-19 3.1462560333E-01 -8.2601079699E-04 1.7623866726E-18 5.8439344422E-19 8.2601079699E-04 3.1462560333E-01
310.00 3.5501633584E-01 -1.2161316564E-01 -2.8373096478E-18 1.8024713858E-18 -1.2161316564E-01 3.5501633584E-01 1.2586314722E-18 -2.2765232333E-18 -2.5634481482E-18 -3.0895489472E-19 3.3353608716E-01 -7.1778863870E-04 1.0829759949E-18 1.7652570258E-18 7.1778863870E-04 3.3353608716E-01
312.00 3.7122626804E-01 -1.1641687305E-01 -2.4937674131E-18 1.3829527038E-18 -1.1641687305E-01 3.7122626804E-01 2.1105273313E-18 -2.4031894837E-18 -1.9303798035E-18 -1.4026790466E-18 3.5249918299E-01 -6.1623449628E-04 6.5936890261E-19 2.0716747445E-18 6.1623449628E-04 3.5249918299E-01
314.00 3.8764871438E-01 -1.1088493740E-01 -2.6708193570E-18 1.5305256641E-18 -1.1088493740E-01 3.8764871438E-01 1.2662422157E-18 -2.0653128993E-18 -2.4106618165E-18 -5.2655549629E-19 3.7145091745E-01 -5.2186429384E-04 9.7734629010E-19 1.6977447830E-18 5.2186429384E-04 3.7145091745E-01
316.00 4.0421526338E-01 -1.0505477399E-01 -3.1185847089E-18 1.4590247577E-18 -1.0505477399E-01 4.0421526338E-01 1.1315403102E-18 -2.5460855456E-18 -2.9259331362E-18 -3.3495153232E-19 3.9032458840E-01 -4.3508370679E-04 8.2241452082E-19 2.2436285525E-18 4.3508370679E-04 3.9032458840E-01
318.00 4.2085330284E-01 -9.8967392089E-02 -2.8393052685E-18 1.7634935325E-18 -9.8967392089E-02 4.2085330284E-01 1.0574571984E-18 -2.2202251100E-18 -2.6664913431E-18 -4.0263240725E-19 4.0905113488E-01 -3.5618260759E-04 1.2748832270E-18 1.8572673177E-18 3.5618260759E-04 4.0905113488E-01
320.00 4.3748650330E-01 -9.2667103082E-02 -2.9486958831E-18 1.9250717311E-18 -9.2667103082E-02 4.3748650330E-01 7.3455475895E-19 -1.5880924019E-18 -2.8590377124E-18 -1.1332987620E-19 4.2755954808E-01 -2.8533156530E-04 1.6236643698E-18 1.2076582946E-18 2.8533156530E-04 4.2755954808E-01
322.00 4.5403536230E-01 -8.6201175391E-02 -3.9765790138E-18 9.9217732213E-19 -8.6201175391E-02 4.5403536230E-01 1.0272427854E-18 -3.0654543892E-18 -3.8518122100E-18 -2.7877367248E-19 4.4577731890E-01 -2.2258055956E-04 4.1585893247E-19 2.9302428318E-18 2.2258055956E-04 4.4577731890E-01
324.00 4.7041780403E-01 -7.9619439164E-02 -2.5551063727E-18 1.3156976309E-18 -7.9619439164E-02 4.7041780403E-01 2.4558756599E-19 -2.7185599111E-18 -2.5506485993E-18 1.8868946776E-19 4.6363091688E-01 -1.6786001982E-04 8.6717517812E-19 2.5324789757E-18 1.6786001982E-04 4.6363091688E-01
326.00 4.8654982754E-01 -7.2973844893E-02 -3.5947554279E-18 1.1208427114E-18 -7.2973844893E-02 4.8654982754E-01 -3.7007230671E-19 -2.1829163709E-18 -3.6922230374E-18 9.1911146504E-19 4.8104629507E-01 -1.2098424610E-04 8.0159296597E-19 2.0380919460E-18 1.2098424610E-04 4.8104629507E-01
328.00 5.0234619606E-01 -6.6317981104E-02 -4.0784823717E-18 1.7061485117E-18 -6.6317981104E-02 5.0234619606E-01 8.7656668322E-19 -2.6838864145E-18 -3.9979749394E-18 -3.4153219476E-19 4.9794941450E-01 -8.1657207615E-05 1.3631120010E-18 2.4802999695E-18 8.1657207615E-05 4.9794941450E-01
330.00 5.1772115901E-01 -5.9706557155E-02 -3.1705249933E-18 1.5106569686E-18 -5.9706557155E-02 5.1772115901E-01 2.7005694243E-19 -2.4244878433E-18 -3.1605872052E-18 9.6010177993E-20 5.1426678200E-01 -4.9480654791E-05 1.2390161858E-18 2.2653947737E-18 4.9480654791E-05 5.1426678200E-01
332.00 5.3258919759E-01 -5.3194857943E-02 -3.8256201367E-18 1.3974119836E-18 -5.3194857943E-02 5.3258919759E-01 -2.3866836598E-19 -1.8871936477E-18 -3.8688590889E-18 6.2381054083E-19 5.2992599474E-01 -2.3964417965E-05 1.2148202211E-18 1.7564316095E-18 2.3964417965E-05 5.2992599474E-01
334.00 5.4686578458E-01 -4.6838177927E-02 -3.5645314120E-18 1.0135939120E-18 -4.6838177927E-02 5.4686578458E-01 -6.2079158134E-20 -2.4075340378E-18 -3.5830211988E-18 3.6871108507E-19 5.4485628510E-01 -4.5387062751E-06 8.1034039999E-19 2.3292835316E-18 4.5387062751E-06 5.4485628510E-01
336.00 5.6046814876E-01 -4.0691242325E-02 -3.7362945436E-18 8.3428105330E-19 -4.0691242325E-02 5.6046814876E-01 -4.9171431355E-19 -2.4343191067E-18 -3.7819637041E-18 7.6503666480E-19 5.5898905936E-01 9.4318361669E-06 6.5934771622E-19 2.3800164829E-18 -9.4318361669E-06 5.5898905936E-01
338.00 5.7331603410E-01 -3.4807623597E-02 -4.2101896585E-18 1.0946658398E-18 -3.4807623597E-02 5.7331603410E-01 -9.7880151086E-21 -2.6562397769E-18 -4.2185355556E-18 2.6597540529E-19 5.7225842410E-01 1.8632610548E-05 9.3526047567E-19 2.5945571435E-18 -1.8632610548E-05 5.7225842410E-01
340.00 5.8533244448E-01 -2.9239161468E-02 -3.4692550020E-18 1.5565834849E-18 -2.9239161468E-02 5.8533244448E-01 -5.8116873220E-19 -3.5211510488E-18 -3.5026027725E-18 7.5555206177E-19 5.8460169469E-01 2.3782417524E-05 1.3825594758E-18 3.4476683943E-18 -2.3782417524E-05 5.8460169469E-01
342.00 5.9644436443E-01 -2.4035394655E-02 -4.7385539464E-18 7.0050035748E-19 -2.4035394655E-02 5.9644436443E-01 -1.1802027195E-18 -2.8752204599E-18 -4.7899792177E-18 1.3723931569E-18 5.9595988037E-01 2.5616057835E-05 5.8531646827E-19 2.8492473032E-18 -2.5616057835E-05 5.9595988037E-01
344.00 6.0658344746E-01 -1.9243012272E-02 -4.6678887734E-18 8.3327500019E-19 -1.9243012272E-02 6.0658344746E-01 -4.1555951009E-19 -2.5201121817E-18 -4.6833981651E-18 5.6402792349E-19 6.0627814128E-01 2.4866577360E-05 7.5389940956E-19 2.4949103154E-18 -2.4866577360E-05 6.0627814128E-01
346.00 6.1568666362E-01 -1.4905332536E-02 -3.3458240265E-18 1.1905273898E-18 -1.4905332536E-02 6.1568666362E-01 -5.4487235316E-19 -2.5134487094E-18 -3.3599589231E-18 6.2614567549E-19 6.1550621306E-01 2.2247569570E-05 1.1301312381E-18 2.4853326915E-18 -2.2247569570E-05 6.1550621306E-01
348.00 6.2369689893E-01 -1.1061815948E-02 -4.0687191374E-18 1.3265333261E-18 -1.1061815948E-02 6.2369689893E-01 -1.0759112969E-18 -2.4158824204E-18 -4.0884065015E-18 1.1483249785E-18 6.2359879540E-01 1.8435952294E-05 1.2840083314E-18 2.3926975915E-18 -1.8435952294E-05 6.2359879540E-01
350.00 6.3056350001E-01 -7.7476195346E-03 -4.2687931116E-18 8.1513480196E-19 -7.7476195346E-03 6.3056350001E-01 -5.7236572366E-19 -2.7335360267E-18 -4.2761310292E-18 6.2492349773E-19 6.3051590126E-01 1.4055628618E-05 7.8170266493E-19 2.7237122854E-18 -1.4055628618E-05 6.3051590126E-01
352.00 6.3624275787E-01 -4.9931981263E-03 -3.8444939657E-18 9.6706025184E-19 -4.9931981263E-03 6.3624275787E-01 -1.9554960655E-18 -2.3089447754E-18 -3.8599450483E-18 1.9857635460E-18 6.3622316432E-01 9.6624236652E-06 9.4902762617E-19 2.3013960558E-18 -9.6624236652E-06 6.3622316432E-01
354.00 6.4069832575E-01 -2.8239579100E-03 -5.4360047760E-18 8.3648886314E-20 -2.8239579100E-03 6.4069832575E-01 -7.1805983022E-20 -2.3210456089E-18 -5.4363734199E-18 9.5787540865E-20 6.4069210222E-01 5.7306605933E-06 7.3467926564E-20 2.3206986017E-18 -5.7306605933E-06 6.4069210222E-01
356.00 6.4390156687E-01 -1.2599667640E-03 -4.4044240308E-18 7.9211776476E-19 -1.2599667640E-03 6.4390156687E-01 -4.9212745795E-19 -2.1474968828E-18 -4.4053922120E-18 5.0075566206E-19 6.4390033413E-01 2.6417010387E-06 7.8793519123E-19 2.1459489451E-18 -2.6417010387E-06 6.4390033413E-01
358.00 6.4583182838E-01 -3.1572508315E-04 -3.2872739102E-18 3.9669925230E-19 -3.1572508315E-04 6.4583182838E-01 -5.3321995416E-20 -2.2339136534E-18 -3.2872999570E-18 5.4931371382E-20 6.4583175121E-01 6.7472860435E-07 3.9561065001E-19 2.2337199302E-18 -6.7472860435E-07 6.4583175121E-01
