x y z |F|^2 Fx Fy Fz
-0.03546666667 -0.1064 -0.2482666667 3.175149708e-08 -4.91701411e-05 0.0001712403699 -3.245001379e-06
0.03546666667 -0.1064 -0.2482666667 3.175149708e-08 4.91701411e-05 0.0001712403699 -3.245001379e-06
-0.1064 -0.03546666667 -0.2482666667 1.569469718e-08 -1.926373939e-05 0.0001228440864 -1.526223996e-05
-0.03546666667 -0.03546666667 -0.2482666667 1.74625595e-09 1.355241866e-05 3.102821671e-05 -2.449158357e-05
0.03546666667 -0.03546666667 -0.2482666667 1.74625595e-09 -1.355241866e-05 3.102821671e-05 -2.449158357e-05
0.1064 -0.03546666667 -0.2482666667 1.569469718e-08 1.926373939e-05 0.0001228440864 -1.526223996e-05
-0.1064 0.03546666667 -0.2482666667 1.569469718e-08 -1.926373939e-05 -0.0001228440864 -1.526223996e-05
-0.03546666667 0.03546666667 -0.2482666667 1.74625595e-09 1.355241866e-05 -3.102821671e-05 -2.449158357e-05
0.03546666667 0.03546666667 -0.2482666667 1.74625595e-09 -1.355241866e-05 -3.102821671e-05 -2.449158357e-05
0.1064 0.03546666667 -0.2482666667 1.569469718e-08 1.926373939e-05 -0.0001228440864 -1.526223996e-05
-0.03546666667 0.1064 -0.2482666667 3.175149708e-08 -4.91701411e-05 -0.0001712403699 -3.245001379e-06
0.03546666667 0.1064 -0.2482666667 3.175149708e-08 4.91701411e-05 -0.0001712403699 -3.245001379e-06
-0.1064 -0.1773333333 -0.1773333333 2.949269958e-08 -3.616662633e-05 0.0001676748321 -8.356159874e-06
-0.03546666667 -0.1773333333 -0.1773333333 2.915950048e-08 8.417332637e-06 0.0001705261018 3.081818415e-06
0.03546666667 -0.1773333333 -0.1773333333 2.915950048e-08 -8.417332637e-06 0.0001705261018 3.081818415e-06
0.1064 -0.1773333333 -0.1773333333 2.949269958e-08 3.616662633e-05 0.0001676748321 -8.356159874e-06
-0.1773333333 -0.1064 -0.1773333333 2.292032841e-08 -1.829244964e-05 0.0001494903648 -1.543844329e-05
-0.1064 -0.1064 -0.1773333333 5.423781789e-09 1.285959542e-05 5.897784404e-05 -4.219036036e-05
-0.03546666667 -0.1064 -0.1773333333 1.846636456e-09 -1.787467619e-06 4.289690417e-05 1.815771993e-06
0.03546666667 -0.1064 -0.1773333333 1.846636456e-09 1.787467619e-06 4.289690417e-05 1.815771993e-06
0.1064 -0.1064 -0.1773333333 5.423781789e-09 -1.285959542e-05 5.897784404e-05 -4.219036036e-05
0.1773333333 -0.1064 -0.1773333333 2.292032841e-08 1.829244964e-05 0.0001494903648 -1.543844329e-05
-0.1773333333 -0.03546666667 -0.1773333333 2.482260563e-09 -1.497798824e-05 2.763686361e-05 -3.865390279e-05
-0.1064 -0.03546666667 -0.1773333333 9.800471125e-11 5.421754792e-06 4.991176888e-06 -6.610403884e-06
-0.03546666667 -0.03546666667 -0.1773333333 3.114966945e-10 3.371319018e-06 1.199412625e-05 -1.250087349e-05
0.03546666667 -0.03546666667 -0.1773333333 3.114966945e-10 -3.371319018e-06 1.199412625e-05 -1.250087349e-05
0.1064 -0.03546666667 -0.1773333333 9.800471125e-11 -5.421754792e-06 4.991176888e-06 -6.610403884e-06
0.1773333333 -0.03546666667 -0.1773333333 2.482260563e-09 1.497798824e-05 2.763686361e-05 -3.865390279e-05
-0.1773333333 0.03546666667 -0.1773333333 2.482260563e-09 -1.497798824e-05 -2.763686361e-05 -3.865390279e-05
-0.1064 0.03546666667 -0.1773333333 9.800471125e-11 5.421754792e-06 -4.991176888e-06 -6.610403884e-06
-0.03546666667 0.03546666667 -0.1773333333 3.114966945e-10 3.371319018e-06 -1.199412625e-05 -1.250087349e-05
0.03546666667 0.03546666667 -0.1773333333 3.114966945e-10 -3.371319018e-06 -1.199412625e-05 -1.250087349e-05
0.1064 0.03546666667 -0.1773333333 9.800471125e-11 -5.421754792e-06 -4.991176888e-06 -6.610403884e-06
0.1773333333 0.03546666667 -0.1773333333 2.482260563e-09 1.497798824e-05 -2.763686361e-05 -3.865390279e-05
-0.1773333333 0.1064 -0.1773333333 2.292032841e-08 -1.829244964e-05 -0.0001494903648 -1.543844329e-05
-0.1064 0.1064 -0.1773333333 5.423781789e-09 1.285959542e-05 -5.897784404e-05 -4.219036036e-05
-0.03546666667 0.1064 -0.1773333333 1.846636456e-09 -1.787467619e-06 -4.289690417e-05 1.815771993e-06
0.03546666667 0.1064 -0.1773333333 1.846636456e-09 1.787467619e-06 -4.289690417e-05 1.815771993e-06
0.1064 0.1064 -0.1773333333 5.423781789e-09 -1.285959542e-05 -5.897784404e-05 -4.219036036e-05
0.1773333333 0.1064 -0.1773333333 2.292032841e-08 1.829244964e-05 -0.0001494903648 -1.543844329e-05
-0.1064 0.1773333333 -0.1773333333 2.949269958e-08 -3.616662633e-05 -0.0001676748321 -8.356159874e-06
-0.03546666667 0.1773333333 -0.1773333333 2.915950048e-08 8.417332637e-06 -0.0001705261018 3.081818415e-06
0.03546666667 0.1773333333 -0.1773333333 2.915950048e-08 -8.417332637e-06 -0.0001705261018 3.081818415e-06
0.1064 0.1773333333 -0.1773333333 2.949269958e-08 3.616662633e-05 -0.0001676748321 -8.356159874e-06
-0.03546666667 -0.2482666667 -0.1064 2.470681037e-08 -4.619397918e-05 0.0001502161758 2.833226621e-06
0.03546666667 -0.2482666667 -0.1064 2.470681037e-08 4.619397918e-05 0.0001502161758 2.833226621e-06
-0.1773333333 -0.1773333333 -0.1064 1.662357215e-08 -2.581129303e-05 0.0001259064744 -1.024250962e-05
-0.1064 -0.1773333333 -0.1064 1.23227265e-08 1.128355007e-05 0.0001030905474 3.959478539e-05
-0.03546666667 -0.1773333333 -0.1064 8.024677407e-10 9.208198153e-06 2.143018182e-05 1.607557571e-05
0.03546666667 -0.1773333333 -0.1064 8.024677407e-10 -9.208198153e-06 2.143018182e-05 1.607557571e-05
0.1064 -0.1773333333 -0.1064 1.23227265e-08 -1.128355007e-05 0.0001030905474 3.959478539e-05
0.1773333333 -0.1773333333 -0.1064 1.662357215e-08 2.581129303e-05 0.0001259064744 -1.024250962e-05
-0.1773333333 -0.1064 -0.1064 1.268150406e-09 -2.209230353e-05 2.674978613e-05 -8.033023898e-06
-0.1064 -0.1064 -0.1064 1.459271583e-09 8.496035428e-06 3.708599528e-05 -3.42314455e-06
-0.03546666667 -0.1064 -0.1064 4.538808724e-10 3.741188751e-06 2.034236834e-05 -5.106116878e-06
0.03546666667 -0.1064 -0.1064 4.538808724e-10 -3.741188751e-06 2.034236834e-05 -5.106116878e-06
0.1064 -0.1064 -0.1064 1.459271583e-09 -8.496035428e-06 3.708599528e-05 -3.42314455e-06
0.1773333333 -0.1064 -0.1064 1.268150406e-09 2.209230353e-05 2.674978613e-05 -8.033023898e-06
-0.2482666667 -0.03546666667 -0.1064 7.526696937e-09 -1.206824741e-05 8.177806431e-05 -2.633253766e-05
-0.1773333333 -0.03546666667 -0.1064 6.325228369e-10 1.6576889e-05 4.066562374e-06 -1.847140109e-05
-0.1064 -0.03546666667 -0.1064 3.997187138e-10 7.185656988e-06 7.351438149e-06 -1.714763554e-05
-0.03546666667 -0.03546666667 -0.1064 2.698942423e-10 3.018177537e-06 6.667769086e-06 -1.470801489e-05
0.03546666667 -0.03546666667 -0.1064 2.698942423e-10 -3.018177537e-06 6.667769086e-06 -1.470801489e-05
0.1064 -0.03546666667 -0.1064 3.997187138e-10 -7.185656988e-06 7.351438149e-06 -1.714763554e-05
0.1773333333 -0.03546666667 -0.1064 6.325228369e-10 -1.6576889e-05 4.066562374e-06 -1.847140109e-05
0.2482666667 -0.03546666667 -0.1064 7.526696937e-09 1.206824741e-05 8.177806431e-05 -2.633253766e-05
-0.2482666667 0.03546666667 -0.1064 7.526696937e-09 -1.206824741e-05 -8.177806431e-05 -2.633253766e-05
-0.1773333333 0.03546666667 -0.1064 6.325228369e-10 1.6576889e-05 -4.066562374e-06 -1.847140109e-05
-0.1064 0.03546666667 -0.1064 3.997187138e-10 7.185656988e-06 -7.351438149e-06 -1.714763554e-05
-0.03546666667 0.03546666667 -0.1064 2.698942423e-10 3.018177537e-06 -6.667769086e-06 -1.470801489e-05
0.03546666667 0.03546666667 -0.1064 2.698942423e-10 -3.018177537e-06 -6.667769086e-06 -1.470801489e-05
0.1064 0.03546666667 -0.1064 3.997187138e-10 -7.185656988e-06 -7.351438149e-06 -1.714763554e-05
0.1773333333 0.03546666667 -0.1064 6.325228369e-10 -1.6576889e-05 -4.066562374e-06 -1.847140109e-05
0.2482666667 0.03546666667 -0.1064 7.526696937e-09 1.206824741e-05 -8.177806431e-05 -2.633253766e-05
-0.1773333333 0.1064 -0.1064 1.268150406e-09 -2.209230353e-05 -2.674978613e-05 -8.033023898e-06
-0.1064 0.1064 -0.1064 1.459271583e-09 8.496035428e-06 -3.708599528e-05 -3.42314455e-06
-0.03546666667 0.1064 -0.1064 4.538808724e-10 3.741188751e-06 -2.034236834e-05 -5.106116878e-06
0.03546666667 0.1064 -0.1064 4.538808724e-10 -3.741188751e-06 -2.034236834e-05 -5.106116878e-06
0.1064 0.1064 -0.1064 1.459271583e-09 -8.496035428e-06 -3.708599528e-05 -3.42314455e-06
0.1773333333 0.1064 -0.1064 1.268150406e-09 2.209230353e-05 -2.674978613e-05 -8.033023898e-06
-0.1773333333 0.1773333333 -0.1064 1.662357215e-08 -2.581129303e-05 -0.0001259064744 -1.024250962e-05
-0.1064 0.1773333333 -0.1064 1.23227265e-08 1.128355007e-05 -0.0001030905474 3.959478539e-05
-0.03546666667 0.1773333333 -0.1064 8.024677407e-10 9.208198153e-06 -2.143018182e-05 1.607557571e-05
0.03546666667 0.1773333333 -0.1064 8.024677407e-10 -9.208198153e-06 -2.143018182e-05 1.607557571e-05
0.1064 0.1773333333 -0.1064 1.23227265e-08 -1.128355007e-05 -0.0001030905474 3.959478539e-05
0.1773333333 0.1773333333 -0.1064 1.662357215e-08 2.581129303e-05 -0.0001259064744 -1.024250962e-05
-0.03546666667 0.2482666667 -0.1064 2.470681037e-08 -4.619397918e-05 -0.0001502161758 2.833226621e-06
0.03546666667 0.2482666667 -0.1064 2.470681037e-08 4.619397918e-05 -0.0001502161758 2.833226621e-06
-0.1064 -0.2482666667 -0.03546666667 1.296909998e-08 -4.528559864e-05 0.0001039287414 1.082271883e-05
-0.03546666667 -0.2482666667 -0.03546666667 9.190205013e-09 1.773429145e-06 8.944030359e-05 3.44600066e-05
0.03546666667 -0.2482666667 -0.03546666667 9.190205013e-09 -1.773429145e-06 8.944030359e-05 3.44600066e-05
0.1064 -0.2482666667 -0.03546666667 1.296909998e-08 4.528559864e-05 0.0001039287414 1.082271883e-05
-0.1773333333 -0.1773333333 -0.03546666667 6.422122853e-09 -2.214312821e-05 7.492220889e-05 1.784565329e-05
-0.1064 -0.1773333333 -0.03546666667 9.427739809e-10 1.939744102e-05 1.949660575e-05 1.365267838e-05
-0.03546666667 -0.1773333333 -0.03546666667 2.107961835e-09 3.475012923e-06 4.122511788e-05 1.990918822e-05
0.03546666667 -0.1773333333 -0.03546666667 2.107961835e-09 -3.475012923e-06 4.122511788e-05 1.990918822e-05
0.1064 -0.1773333333 -0.03546666667 9.427739809e-10 -1.939744102e-05 1.949660575e-05 1.365267838e-05
0.1773333333 -0.1773333333 -0.03546666667 6.422122853e-09 2.214312821e-05 7.492220889e-05 1.784565329e-05
-0.2482666667 -0.1064 -0.03546666667 7.229293515e-09 -1.389739886e-05 8.043417488e-05 -2.380124643e-05
-0.1773333333 -0.1064 -0.03546666667 1.008730415e-09 2.150258601e-05 2.332546312e-05 -1.51392859e-06
-0.1064 -0.1064 -0.03546666667 5.925913282e-10 1.383105308e-05 1.690852777e-05 1.07422059e-05
-0.03546666667 -0.1064 -0.03546666667 8.158535875e-10 5.646543714e-06 2.195586543e-05 1.737556056e-05
0.03546666667 -0.1064 -0.03546666667 8.158535875e-10 -5.646543714e-06 2.195586543e-05 1.737556056e-05
0.1064 -0.1064 -0.03546666667 5.925913282e-10 -1.383105308e-05 1.690852777e-05 1.07422059e-05
0.1773333333 -0.1064 -0.03546666667 1.008730415e-09 -2.150258601e-05 2.332546312e-05 -1.51392859e-06
0.2482666667 -0.1064 -0.03546666667 7.229293515e-09 1.389739886e-05 8.043417488e-05 -2.380124643e-05
-0.2482666667 -0.03546666667 -0.03546666667 1.329991502e-10 -2.269057766e-06 8.091117811e-06 -7.898375759e-06
-0.1773333333 -0.03546666667 -0.03546666667 3.407706538e-10 1.745370571e-05 5.527527518e-06 -2.363313387e-06
-0.1064 -0.03546666667 -0.03546666667 3.090798224e-10 1.474516427e-05 5.887259981e-06 7.549842582e-06
-0.03546666667 -0.03546666667 -0.03546666667 3.054048694e-10 5.863297772e-06 7.109691674e-06 1.484853168e-05
0.03546666667 -0.03546666667 -0.03546666667 3.054048694e-10 -5.863297772e-06 7.109691674e-06 1.484853168e-05
0.1064 -0.03546666667 -0.03546666667 3.090798224e-10 -1.474516427e-05 5.887259981e-06 7.549842582e-06
0.1773333333 -0.03546666667 -0.03546666667 3.407706538e-10 -1.745370571e-05 5.527527518e-06 -2.363313387e-06
0.2482666667 -0.03546666667 -0.03546666667 1.329991502e-10 2.269057766e-06 8.091117811e-06 -7.898375759e-06
-0.2482666667 0.03546666667 -0.03546666667 1.329991502e-10 -2.269057766e-06 -8.091117811e-06 -7.898375759e-06
-0.1773333333 0.03546666667 -0.03546666667 3.407706538e-10 1.745370571e-05 -5.527527518e-06 -2.363313387e-06
-0.1064 0.03546666667 -0.03546666667 3.090798224e-10 1.474516427e-05 -5.887259981e-06 7.549842582e-06
-0.03546666667 0.03546666667 -0.03546666667 3.054048694e-10 5.863297772e-06 -7.109691674e-06 1.484853168e-05
0.03546666667 0.03546666667 -0.03546666667 3.054048694e-10 -5.863297772e-06 -7.109691674e-06 1.484853168e-05
0.1064 0.03546666667 -0.03546666667 3.090798224e-10 -1.474516427e-05 -5.887259981e-06 7.549842582e-06
0.1773333333 0.03546666667 -0.03546666667 3.407706538e-10 -1.745370571e-05 -5.527527518e-06 -2.363313387e-06
0.2482666667 0.03546666667 -0.03546666667 1.329991502e-10 2.269057766e-06 -8.091117811e-06 -7.898375759e-06
-0.2482666667 0.1064 -0.03546666667 7.229293515e-09 -1.389739886e-05 -8.043417488e-05 -2.380124643e-05
-0.1773333333 0.1064 -0.03546666667 1.008730415e-09 2.150258601e-05 -2.332546312e-05 -1.51392859e-06
-0.1064 0.1064 -0.03546666667 5.925913282e-10 1.383105308e-05 -1.690852777e-05 1.07422059e-05
-0.03546666667 0.1064 -0.03546666667 8.158535875e-10 5.646543714e-06 -2.195586543e-05 1.737556056e-05
0.03546666667 0.1064 -0.03546666667 8.158535875e-10 -5.646543714e-06 -2.195586543e-05 1.737556056e-05
0.1064 0.1064 -0.03546666667 5.925913282e-10 -1.383105308e-05 -1.690852777e-05 1.07422059e-05
0.1773333333 0.1064 -0.03546666667 1.008730415e-09 -2.150258601e-05 -2.332546312e-05 -1.51392859e-06
0.2482666667 0.1064 -0.03546666667 7.229293515e-09 1.389739886e-05 -8.043417488e-05 -2.380124643e-05
-0.1773333333 0.1773333333 -0.03546666667 6.422122853e-09 -2.214312821e-05 -7.492220889e-05 1.784565329e-05
-0.1064 0.1773333333 -0.03546666667 9.427739809e-10 1.939744102e-05 -1.949660575e-05 1.365267838e-05
-0.03546666667 0.1773333333 -0.03546666667 2.107961835e-09 3.475012923e-06 -4.122511788e-05 1.990918822e-05
0.03546666667 0.1773333333 -0.03546666667 2.107961835e-09 -3.475012923e-06 -4.122511788e-05 1.990918822e-05
0.1064 0.1773333333 -0.03546666667 9.427739809e-10 -1.939744102e-05 -1.949660575e-05 1.365267838e-05
0.1773333333 0.1773333333 -0.03546666667 6.422122853e-09 2.214312821e-05 -7.492220889e-05 1.784565329e-05
-0.1064 0.2482666667 -0.03546666667 1.296909998e-08 -4.528559864e-05 -0.0001039287414 1.082271883e-05
-0.03546666667 0.2482666667 -0.03546666667 9.190205013e-09 1.773429145e-06 -8.944030359e-05 3.44600066e-05
0.03546666667 0.2482666667 -0.03546666667 9.190205013e-09 -1.773429145e-06 -8.944030359e-05 3.44600066e-05
0.1064 0.2482666667 -0.03546666667 1.296909998e-08 4.528559864e-05 -0.0001039287414 1.082271883e-05
-0.1064 -0.2482666667 0.03546666667 1.627323096e-08 -4.950138186e-05 0.0001065778735 4.963870508e-05
-0.03546666667 -0.2482666667 0.03546666667 1.576807536e-08 8.197525247e-08 0.0001239883181 1.987374167e-05
0.03546666667 -0.2482666667 0.03546666667 1.576807536e-08 -8.197525247e-08 0.0001239883181 1.987374167e-05
0.1064 -0.2482666667 0.03546666667 1.627323096e-08 4.950138186e-05 0.0001065778735 4.963870508e-05
-0.1773333333 -0.1773333333 0.03546666667 7.549105012e-09 -2.382126758e-05 8.305760638e-05 9.11516572e-06
-0.1064 -0.1773333333 0.03546666667 2.886409191e-09 3.08496433e-05 4.059176914e-05 1.694157541e-05
-0.03546666667 -0.1773333333 0.03546666667 5.767212841e-09 8.58331261e-06 6.767102006e-05 3.337922452e-05
0.03546666667 -0.1773333333 0.03546666667 5.767212841e-09 -8.58331261e-06 6.767102006e-05 3.337922452e-05
0.1064 -0.1773333333 0.03546666667 2.886409191e-09 -3.08496433e-05 4.059176914e-05 1.694157541e-05
0.1773333333 -0.1773333333 0.03546666667 7.549105012e-09 2.382126758e-05 8.305760638e-05 9.11516572e-06
-0.2482666667 -0.1064 0.03546666667 4.521741982e-09 -6.770632187e-06 6.095585448e-05 2.757325384e-05
-0.1773333333 -0.1064 0.03546666667 2.58999053e-09 3.501433299e-05 3.04796013e-05 2.085619619e-05
-0.1064 -0.1064 0.03546666667 2.78613627e-09 2.574222044e-05 3.285620852e-05 3.2310121e-05
-0.03546666667 -0.1064 0.03546666667 3.734474209e-09 1.066141669e-05 4.198566152e-05 4.310467063e-05
0.03546666667 -0.1064 0.03546666667 3.734474209e-09 -1.066141669e-05 4.198566152e-05 4.310467063e-05
0.1064 -0.1064 0.03546666667 2.78613627e-09 -2.574222044e-05 3.285620852e-05 3.2310121e-05
0.1773333333 -0.1064 0.03546666667 2.58999053e-09 -3.501433299e-05 3.04796013e-05 2.085619619e-05
0.2482666667 -0.1064 0.03546666667 4.521741982e-09 6.770632187e-06 6.095585448e-05 2.757325384e-05
-0.2482666667 -0.03546666667 0.03546666667 1.901490514e-10 1.136280392e-05 7.738243226e-06 -1.074862864e-06
-0.1773333333 -0.03546666667 0.03546666667 1.583459653e-09 3.365290898e-05 8.36875468e-06 1.951679573e-05
-0.1064 -0.03546666667 0.03546666667 2.413364964e-09 2.852044513e-05 1.157786704e-05 3.828710186e-05
-0.03546666667 -0.03546666667 0.03546666667 2.82944069e-09 1.13931212e-05 1.45374163e-05 4.988287288e-05
0.03546666667 -0.03546666667 0.03546666667 2.82944069e-09 -1.13931212e-05 1.45374163e-05 4.988287288e-05
0.1064 -0.03546666667 0.03546666667 2.413364964e-09 -2.852044513e-05 1.157786704e-05 3.828710186e-05
0.1773333333 -0.03546666667 0.03546666667 1.583459653e-09 -3.365290898e-05 8.36875468e-06 1.951679573e-05
0.2482666667 -0.03546666667 0.03546666667 1.901490514e-10 -1.136280392e-05 7.738243226e-06 -1.074862864e-06
-0.2482666667 0.03546666667 0.03546666667 1.901490514e-10 1.136280392e-05 -7.738243226e-06 -1.074862864e-06
-0.1773333333 0.03546666667 0.03546666667 1.583459653e-09 3.365290898e-05 -8.36875468e-06 1.951679573e-05
-0.1064 0.03546666667 0.03546666667 2.413364964e-09 2.852044513e-05 -1.157786704e-05 3.828710186e-05
-0.03546666667 0.03546666667 0.03546666667 2.82944069e-09 1.13931212e-05 -1.45374163e-05 4.988287288e-05
0.03546666667 0.03546666667 0.03546666667 2.82944069e-09 -1.13931212e-05 -1.45374163e-05 4.988287288e-05
0.1064 0.03546666667 0.03546666667 2.413364964e-09 -2.852044513e-05 -1.157786704e-05 3.828710186e-05
0.1773333333 0.03546666667 0.03546666667 1.583459653e-09 -3.365290898e-05 -8.36875468e-06 1.951679573e-05
0.2482666667 0.03546666667 0.03546666667 1.901490514e-10 -1.136280392e-05 -7.738243226e-06 -1.074862864e-06
-0.2482666667 0.1064 0.03546666667 4.521741982e-09 -6.770632187e-06 -6.095585448e-05 2.757325384e-05
-0.1773333333 0.1064 0.03546666667 2.58999053e-09 3.501433299e-05 -3.04796013e-05 2.085619619e-05
-0.1064 0.1064 0.03546666667 2.78613627e-09 2.574222044e-05 -3.285620852e-05 3.2310121e-05
-0.03546666667 0.1064 0.03546666667 3.734474209e-09 1.066141669e-05 -4.198566152e-05 4.310467063e-05
0.03546666667 0.1064 0.03546666667 3.734474209e-09 -1.066141669e-05 -4.198566152e-05 4.310467063e-05
0.1064 0.1064 0.03546666667 2.78613627e-09 -2.574222044e-05 -3.285620852e-05 3.2310121e-05
0.1773333333 0.1064 0.03546666667 2.58999053e-09 -3.501433299e-05 -3.04796013e-05 2.085619619e-05
0.2482666667 0.1064 0.03546666667 4.521741982e-09 6.770632187e-06 -6.095585448e-05 2.757325384e-05
-0.1773333333 0.1773333333 0.03546666667 7.549105012e-09 -2.382126758e-05 -8.305760638e-05 9.11516572e-06
-0.1064 0.1773333333 0.03546666667 2.886409191e-09 3.08496433e-05 -4.059176914e-05 1.694157541e-05
-0.03546666667 0.1773333333 0.03546666667 5.767212841e-09 8.58331261e-06 -6.767102006e-05 3.337922452e-05
0.03546666667 0.1773333333 0.03546666667 5.767212841e-09 -8.58331261e-06 -6.767102006e-05 3.337922452e-05
0.1064 0.1773333333 0.03546666667 2.886409191e-09 -3.08496433e-05 -4.059176914e-05 1.694157541e-05
0.1773333333 0.1773333333 0.03546666667 7.549105012e-09 2.382126758e-05 -8.305760638e-05 9.11516572e-06
-0.1064 0.2482666667 0.03546666667 1.627323096e-08 -4.950138186e-05 -0.0001065778735 4.963870508e-05
-0.03546666667 0.2482666667 0.03546666667 1.576807536e-08 8.197525247e-08 -0.0001239883181 1.987374167e-05
0.03546666667 0.2482666667 0.03546666667 1.576807536e-08 -8.197525247e-08 -0.0001239883181 1.987374167e-05
0.1064 0.2482666667 0.03546666667 1.627323096e-08 4.950138186e-05 -0.0001065778735 4.963870508e-05
-0.03546666667 -0.2482666667 0.1064 6.560977527e-08 -7.673955359e-05 0.0002297943411 8.315874564e-05
0.03546666667 -0.2482666667 0.1064 6.560977527e-08 7.673955359e-05 0.0002297943411 8.315874564e-05
-0.1773333333 -0.1773333333 0.1064 2.116668469e-08 -2.639290995e-05 0.0001329981692 5.274074319e-05
-0.1064 -0.1773333333 0.1064 4.005017277e-08 1.916591829e-05 0.0001991972628 -1.814071177e-06
-0.03546666667 -0.1773333333 0.1064 7.833006644e-09 2.653404356e-05 8.424841712e-05 5.581701237e-06
0.03546666667 -0.1773333333 0.1064 7.833006644e-09 -2.653404356e-05 8.424841712e-05 5.581701237e-06
0.1064 -0.1773333333 0.1064 4.005017277e-08 -1.916591829e-05 0.0001991972628 -1.814071177e-06
0.1773333333 -0.1773333333 0.1064 2.116668469e-08 2.639290995e-05 0.0001329981692 5.274074319e-05
-0.1773333333 -0.1064 0.1064 1.630443323e-09 8.913682643e-06 3.695400198e-05 1.36158482e-05
-0.1064 -0.1064 0.1064 9.769587356e-09 4.023795275e-05 8.510272257e-05 3.013338887e-05
-0.03546666667 -0.1064 0.1064 7.618394479e-09 1.669248856e-05 7.326840172e-05 4.440153842e-05
0.03546666667 -0.1064 0.1064 7.618394479e-09 -1.669248856e-05 7.326840172e-05 4.440153842e-05
0.1064 -0.1064 0.1064 9.769587356e-09 -4.023795275e-05 8.510272257e-05 3.013338887e-05
0.1773333333 -0.1064 0.1064 1.630443323e-09 -8.913682643e-06 3.695400198e-05 1.36158482e-05
-0.2482666667 -0.03546666667 0.1064 5.998199244e-09 1.149242582e-05 7.060458516e-05 2.968359728e-05
-0.1773333333 -0.03546666667 0.1064 4.640818203e-09 5.978006468e-05 1.257737549e-05 3.014915747e-05
-0.1064 -0.03546666667 0.1064 4.516380148e-09 4.300519532e-05 2.28511283e-05 4.631154563e-05
-0.03546666667 -0.03546666667 0.1064 4.051207312e-09 1.755211061e-05 2.635259479e-05 5.521477586e-05
0.03546666667 -0.03546666667 0.1064 4.051207312e-09 -1.755211061e-05 2.635259479e-05 5.521477586e-05
0.1064 -0.03546666667 0.1064 4.516380148e-09 -4.300519532e-05 2.28511283e-05 4.631154563e-05
0.1773333333 -0.03546666667 0.1064 4.640818203e-09 -5.978006468e-05 1.257737549e-05 3.014915747e-05
0.2482666667 -0.03546666667 0.1064 5.998199244e-09 -1.149242582e-05 7.060458516e-05 2.968359728e-05
-0.2482666667 0.03546666667 0.1064 5.998199244e-09 1.149242582e-05 -7.060458516e-05 2.968359728e-05
-0.1773333333 0.03546666667 0.1064 4.640818203e-09 5.978006468e-05 -1.257737549e-05 3.014915747e-05
-0.1064 0.03546666667 0.1064 4.516380148e-09 4.300519532e-05 -2.28511283e-05 4.631154563e-05
-0.03546666667 0.03546666667 0.1064 4.051207312e-09 1.755211061e-05 -2.635259479e-05 5.521477586e-05
0.03546666667 0.03546666667 0.1064 4.051207312e-09 -1.755211061e-05 -2.635259479e-05 5.521477586e-05
0.1064 0.03546666667 0.1064 4.516380148e-09 -4.300519532e-05 -2.28511283e-05 4.631154563e-05
0.1773333333 0.03546666667 0.1064 4.640818203e-09 -5.978006468e-05 -1.257737549e-05 3.014915747e-05
0.2482666667 0.03546666667 0.1064 5.998199244e-09 -1.149242582e-05 -7.060458516e-05 2.968359728e-05
-0.1773333333 0.1064 0.1064 1.630443323e-09 8.913682643e-06 -3.695400198e-05 1.36158482e-05
-0.1064 0.1064 0.1064 9.769587356e-09 4.023795275e-05 -8.510272257e-05 3.013338887e-05
-0.03546666667 0.1064 0.1064 7.618394479e-09 1.669248856e-05 -7.326840172e-05 4.440153842e-05
0.03546666667 0.1064 0.1064 7.618394479e-09 -1.669248856e-05 -7.326840172e-05 4.440153842e-05
0.1064 0.1064 0.1064 9.769587356e-09 -4.023795275e-05 -8.510272257e-05 3.013338887e-05
0.1773333333 0.1064 0.1064 1.630443323e-09 -8.913682643e-06 -3.695400198e-05 1.36158482e-05
-0.1773333333 0.1773333333 0.1064 2.116668469e-08 -2.639290995e-05 -0.0001329981692 5.274074319e-05
-0.1064 0.1773333333 0.1064 4.005017277e-08 1.916591829e-05 -0.0001991972628 -1.814071177e-06
-0.03546666667 0.1773333333 0.1064 7.833006644e-09 2.653404356e-05 -8.424841712e-05 5.581701237e-06
0.03546666667 0.1773333333 0.1064 7.833006644e-09 -2.653404356e-05 -8.424841712e-05 5.581701237e-06
0.1064 0.1773333333 0.1064 4.005017277e-08 -1.916591829e-05 -0.0001991972628 -1.814071177e-06
0.1773333333 0.1773333333 0.1064 2.116668469e-08 2.639290995e-05 -0.0001329981692 5.274074319e-05
-0.03546666667 0.2482666667 0.1064 6.560977527e-08 -7.673955359e-05 -0.0002297943411 8.315874564e-05
0.03546666667 0.2482666667 0.1064 6.560977527e-08 7.673955359e-05 -0.0002297943411 8.315874564e-05
-0.1064 -0.1773333333 0.1773333333 7.751032091e-08 -5.378545209e-05 0.0002639597382 7.030435744e-05
-0.03546666667 -0.1773333333 0.1773333333 1.192261276e-07 1.555744622e-05 0.0003372061991 7.263658009e-05
0.03546666667 -0.1773333333 0.1773333333 1.192261276e-07 -1.555744622e-05 0.0003372061991 7.263658009e-05
0.1064 -0.1773333333 0.1773333333 7.751032091e-08 5.378545209e-05 0.0002639597382 7.030435744e-05
-0.1773333333 -0.1064 0.1773333333 4.088405894e-08 -2.132558503e-06 0.0001957704125 5.053173968e-05
-0.1064 -0.1064 0.1773333333 2.264603878e-08 5.746683172e-05 0.0001118504901 8.266238502e-05
-0.03546666667 -0.1064 0.1773333333 1.54013089e-08 7.936405487e-06 0.0001237820836 -4.039571009e-06
0.03546666667 -0.1064 0.1773333333 1.54013089e-08 -7.936405487e-06 0.0001237820836 -4.039571009e-06
0.1064 -0.1064 0.1773333333 2.264603878e-08 -5.746683172e-05 0.0001118504901 8.266238502e-05
0.1773333333 -0.1064 0.1773333333 4.088405894e-08 2.132558503e-06 0.0001957704125 5.053173968e-05
-0.1773333333 -0.03546666667 0.1773333333 4.967024363e-09 3.106980599e-05 3.517284432e-05 5.257910747e-05
-0.1064 -0.03546666667 0.1773333333 2.842447855e-09 4.907018723e-05 2.078184966e-05 1.636858391e-06
-0.03546666667 -0.03546666667 0.1773333333 2.407661978e-09 2.357680399e-05 3.94562566e-05 1.717556716e-05
0.03546666667 -0.03546666667 0.1773333333 2.407661978e-09 -2.357680399e-05 3.94562566e-05 1.717556716e-05
0.1064 -0.03546666667 0.1773333333 2.842447855e-09 -4.907018723e-05 2.078184966e-05 1.636858391e-06
0.1773333333 -0.03546666667 0.1773333333 4.967024363e-09 -3.106980599e-05 3.517284432e-05 5.257910747e-05
-0.1773333333 0.03546666667 0.1773333333 4.967024363e-09 3.106980599e-05 -3.517284432e-05 5.257910747e-05
-0.1064 0.03546666667 0.1773333333 2.842447855e-09 4.907018723e-05 -2.078184966e-05 1.636858391e-06
-0.03546666667 0.03546666667 0.1773333333 2.407661978e-09 2.357680399e-05 -3.94562566e-05 1.717556716e-05
0.03546666667 0.03546666667 0.1773333333 2.407661978e-09 -2.357680399e-05 -3.94562566e-05 1.717556716e-05
0.1064 0.03546666667 0.1773333333 2.842447855e-09 -4.907018723e-05 -2.078184966e-05 1.636858391e-06
0.1773333333 0.03546666667 0.1773333333 4.967024363e-09 -3.106980599e-05 -3.517284432e-05 5.257910747e-05
-0.1773333333 0.1064 0.1773333333 4.088405894e-08 -2.132558503e-06 -0.0001957704125 5.053173968e-05
-0.1064 0.1064 0.1773333333 2.264603878e-08 5.746683172e-05 -0.0001118504901 8.266238502e-05
-0.03546666667 0.1064 0.1773333333 1.54013089e-08 7.936405487e-06 -0.0001237820836 -4.039571009e-06
0.03546666667 0.1064 0.1773333333 1.54013089e-08 -7.936405487e-06 -0.0001237820836 -4.039571009e-06
0.1064 0.1064 0.1773333333 2.264603878e-08 -5.746683172e-05 -0.0001118504901 8.266238502e-05
0.1773333333 0.1064 0.1773333333 4.088405894e-08 2.132558503e-06 -0.0001957704125 5.053173968e-05
-0.1064 0.1773333333 0.1773333333 7.751032091e-08 -5.378545209e-05 -0.0002639597382 7.030435744e-05
-0.03546666667 0.1773333333 0.1773333333 1.192261276e-07 1.555744622e-05 -0.0003372061991 7.263658009e-05
0.03546666667 0.1773333333 0.1773333333 1.192261276e-07 -1.555744622e-05 -0.0003372061991 7.263658009e-05
0.1064 0.1773333333 0.1773333333 7.751032091e-08 5.378545209e-05 -0.0002639597382 7.030435744e-05
-0.03546666667 -0.1064 0.2482666667 1.306161159e-07 -9.241462307e-05 0.0003469769095 4.102045324e-05
0.03546666667 -0.1064 0.2482666667 1.306161159e-07 9.241462307e-05 0.0003469769095 4.102045324e-05
-0.1064 -0.03546666667 0.2482666667 5.318544197e-08 -7.644306931e-06 0.0002275869276 3.648557137e-05
-0.03546666667 -0.03546666667 0.2482666667 8.351334141e-09 4.207087584e-05 6.998406226e-05 4.10317752e-05
0.03546666667 -0.03546666667 0.2482666667 8.351334141e-09 -4.207087584e-05 6.998406226e-05 4.10317752e-05
0.1064 -0.03546666667 0.2482666667 5.318544197e-08 7.644306931e-06 0.0002275869276 3.648557137e-05
-0.1064 0.03546666667 0.2482666667 5.318544197e-08 -7.644306931e-06 -0.0002275869276 3.648557137e-05
-0.03546666667 0.03546666667 0.2482666667 8.351334141e-09 4.207087584e-05 -6.998406226e-05 4.10317752e-05
0.03546666667 0.03546666667 0.2482666667 8.351334141e-09 -4.207087584e-05 -6.998406226e-05 4.10317752e-05
0.1064 0.03546666667 0.2482666667 5.318544197e-08 7.644306931e-06 -0.0002275869276 3.648557137e-05
-0.03546666667 0.1064 0.2482666667 1.306161159e-07 -9.241462307e-05 -0.0003469769095 4.102045324e-05
0.03546666667 0.1064 0.2482666667 1.306161159e-07 9.241462307e-05 -0.0003469769095 4.102045324e-05
