x y z |E|^2 Ex.r Ex.i Ey.r Ey.i Ez.r Ez.i
-0.03546666667 -0.1064 -0.2482666667 0.8043675357 0.003916910839 -0.00875215944 0.09911661563 -0.8848406887 -0.006987003633 0.1070496477
0.03546666667 -0.1064 -0.2482666667 0.8043675357 -0.003916910839 0.00875215944 0.09911661563 -0.8848406887 -0.006987003633 0.1070496477
-0.1064 -0.03546666667 -0.2482666667 0.7123804189 0.004008161216 -0.00533147109 0.08293776724 -0.8389065452 -0.002645289817 0.04106174063
-0.03546666667 -0.03546666667 -0.2482666667 0.9913984874 -0.0003451743778 0.01727518327 0.1230421283 -0.9871361165 -0.005687198614 0.0386071782
0.03546666667 -0.03546666667 -0.2482666667 0.9913984874 0.0003451743778 -0.01727518327 0.1230421283 -0.9871361165 -0.005687198614 0.0386071782
0.1064 -0.03546666667 -0.2482666667 0.7123804189 -0.004008161216 0.00533147109 0.08293776724 -0.8389065452 -0.002645289817 0.04106174063
-0.1064 0.03546666667 -0.2482666667 0.7123804189 -0.004008161216 0.00533147109 0.08293776724 -0.8389065452 0.002645289817 -0.04106174063
-0.03546666667 0.03546666667 -0.2482666667 0.9913984874 0.0003451743778 -0.01727518327 0.1230421283 -0.9871361165 0.005687198614 -0.0386071782
0.03546666667 0.03546666667 -0.2482666667 0.9913984874 -0.0003451743778 0.01727518327 0.1230421283 -0.9871361165 0.005687198614 -0.0386071782
0.1064 0.03546666667 -0.2482666667 0.7123804189 0.004008161216 -0.00533147109 0.08293776724 -0.8389065452 0.002645289817 -0.04106174063
-0.03546666667 0.1064 -0.2482666667 0.8043675357 -0.003916910839 0.00875215944 0.09911661563 -0.8848406887 0.006987003633 -0.1070496477
0.03546666667 0.1064 -0.2482666667 0.8043675357 0.003916910839 -0.00875215944 0.09911661563 -0.8848406887 0.006987003633 -0.1070496477
-0.1064 -0.1773333333 -0.1773333333 0.7303574289 0.02688782689 -0.0002824508979 0.4093224684 -0.7219336496 -0.01817090382 0.2014227757
-0.03546666667 -0.1773333333 -0.1773333333 0.7620674051 0.006137368774 0.0002309059628 0.4209809967 -0.7137077966 -0.05465781731 0.2691438072
0.03546666667 -0.1773333333 -0.1773333333 0.7620674051 -0.006137368774 -0.0002309059628 0.4209809967 -0.7137077966 -0.05465781731 0.2691438072
0.1064 -0.1773333333 -0.1773333333 0.7303574289 -0.02688782689 0.0002824508979 0.4093224684 -0.7219336496 -0.01817090382 0.2014227757
-0.1773333333 -0.1064 -0.1773333333 0.7092443577 0.0264498552 0.003345987048 0.3828830735 -0.7381110365 -0.01559284816 0.1299349075
-0.1064 -0.1064 -0.1773333333 0.9608924902 0.003339072596 0.01483311343 0.4833421923 -0.831266398 -0.04077432236 0.1854057032
-0.03546666667 -0.1064 -0.1773333333 0.9643721454 0.001918760014 0.0006462278284 0.5198019829 -0.7976778494 -0.05632229944 0.233905519
0.03546666667 -0.1064 -0.1773333333 0.9643721454 -0.001918760014 -0.0006462278284 0.5198019829 -0.7976778494 -0.05632229944 0.233905519
0.1064 -0.1064 -0.1773333333 0.9608924902 -0.003339072596 -0.01483311343 0.4833421923 -0.831266398 -0.04077432236 0.1854057032
0.1773333333 -0.1064 -0.1773333333 0.7092443577 -0.0264498552 -0.003345987048 0.3828830735 -0.7381110365 -0.01559284816 0.1299349075
-0.1773333333 -0.03546666667 -0.1773333333 0.914643719 0.003857234138 -0.001587268199 0.4438637006 -0.8456847624 -0.006499973383 0.04885048148
-0.1064 -0.03546666667 -0.1773333333 0.9517396772 0.001519914419 0.00284157403 0.519047626 -0.8208400005 -0.01901765689 0.09043714228
-0.03546666667 -0.03546666667 -0.1773333333 1.000546838 0.0002182907919 0.004094904195 0.5625585256 -0.8226132493 -0.02233792586 0.08286366385
0.03546666667 -0.03546666667 -0.1773333333 1.000546838 -0.0002182907919 -0.004094904195 0.5625585256 -0.8226132493 -0.02233792586 0.08286366385
0.1064 -0.03546666667 -0.1773333333 0.9517396772 -0.001519914419 -0.00284157403 0.519047626 -0.8208400005 -0.01901765689 0.09043714228
0.1773333333 -0.03546666667 -0.1773333333 0.914643719 -0.003857234138 0.001587268199 0.4438637006 -0.8456847624 -0.006499973383 0.04885048148
-0.1773333333 0.03546666667 -0.1773333333 0.914643719 -0.003857234138 0.001587268199 0.4438637006 -0.8456847624 0.006499973383 -0.04885048148
-0.1064 0.03546666667 -0.1773333333 0.9517396772 -0.001519914419 -0.00284157403 0.519047626 -0.8208400005 0.01901765689 -0.09043714228
-0.03546666667 0.03546666667 -0.1773333333 1.000546838 -0.0002182907919 -0.004094904195 0.5625585256 -0.8226132493 0.02233792586 -0.08286366385
0.03546666667 0.03546666667 -0.1773333333 1.000546838 0.0002182907919 0.004094904195 0.5625585256 -0.8226132493 0.02233792586 -0.08286366385
0.1064 0.03546666667 -0.1773333333 0.9517396772 0.001519914419 0.00284157403 0.519047626 -0.8208400005 0.01901765689 -0.09043714228
0.1773333333 0.03546666667 -0.1773333333 0.914643719 0.003857234138 -0.001587268199 0.4438637006 -0.8456847624 0.006499973383 -0.04885048148
-0.1773333333 0.1064 -0.1773333333 0.7092443577 -0.0264498552 -0.003345987048 0.3828830735 -0.7381110365 0.01559284816 -0.1299349075
-0.1064 0.1064 -0.1773333333 0.9608924902 -0.003339072596 -0.01483311343 0.4833421923 -0.831266398 0.04077432236 -0.1854057032
-0.03546666667 0.1064 -0.1773333333 0.9643721454 -0.001918760014 -0.0006462278284 0.5198019829 -0.7976778494 0.05632229944 -0.233905519
0.03546666667 0.1064 -0.1773333333 0.9643721454 0.001918760014 0.0006462278284 0.5198019829 -0.7976778494 0.05632229944 -0.233905519
0.1064 0.1064 -0.1773333333 0.9608924902 0.003339072596 0.01483311343 0.4833421923 -0.831266398 0.04077432236 -0.1854057032
0.1773333333 0.1064 -0.1773333333 0.7092443577 0.0264498552 0.003345987048 0.3828830735 -0.7381110365 0.01559284816 -0.1299349075
-0.1064 0.1773333333 -0.1773333333 0.7303574289 -0.02688782689 0.0002824508979 0.4093224684 -0.7219336496 0.01817090382 -0.2014227757
-0.03546666667 0.1773333333 -0.1773333333 0.7620674051 -0.006137368774 -0.0002309059628 0.4209809967 -0.7137077966 0.05465781731 -0.2691438072
0.03546666667 0.1773333333 -0.1773333333 0.7620674051 0.006137368774 0.0002309059628 0.4209809967 -0.7137077966 0.05465781731 -0.2691438072
0.1064 0.1773333333 -0.1773333333 0.7303574289 0.02688782689 -0.0002824508979 0.4093224684 -0.7219336496 0.01817090382 -0.2014227757
-0.03546666667 -0.2482666667 -0.1064 0.7511888736 0.01757134742 0.01129352771 0.6823946936 -0.3863040562 -0.1119212879 0.3511877863
0.03546666667 -0.2482666667 -0.1064 0.7511888736 -0.01757134742 -0.01129352771 0.6823946936 -0.3863040562 -0.1119212879 0.3511877863
-0.1773333333 -0.1773333333 -0.1064 0.6336801853 0.07513192566 0.02973701568 0.6159886162 -0.4169583834 -0.07588429542 0.2609528575
-0.1064 -0.1773333333 -0.1064 0.6557102564 0.008767383605 0.04370860715 0.6222858318 -0.3485279668 -0.1432019941 0.3528522861
-0.03546666667 -0.1773333333 -0.1064 0.8919006785 -0.01124446345 0.02370764713 0.7546127115 -0.388551299 -0.1649901919 0.3789168354
0.03546666667 -0.1773333333 -0.1064 0.8919006785 0.01124446345 -0.02370764713 0.7546127115 -0.388551299 -0.1649901919 0.3789168354
0.1064 -0.1773333333 -0.1064 0.6557102564 -0.008767383605 -0.04370860715 0.6222858318 -0.3485279668 -0.1432019941 0.3528522861
0.1773333333 -0.1773333333 -0.1064 0.6336801853 -0.07513192566 -0.02973701568 0.6159886162 -0.4169583834 -0.07588429542 0.2609528575
-0.1773333333 -0.1064 -0.1064 0.7765822145 0.002624096474 0.03677450507 0.7105414836 -0.466942752 -0.08078442523 0.2139909054
-0.1064 -0.1064 -0.1064 0.8118131628 0.0003645679568 0.02883422059 0.7633586858 -0.3997437267 -0.105639389 0.2393959206
-0.03546666667 -0.1064 -0.1064 0.909710573 -0.001697340062 0.01077802777 0.824630769 -0.3819360099 -0.1198849248 0.2633023168
0.03546666667 -0.1064 -0.1064 0.909710573 0.001697340062 -0.01077802777 0.824630769 -0.3819360099 -0.1198849248 0.2633023168
0.1064 -0.1064 -0.1064 0.8118131628 -0.0003645679568 -0.02883422059 0.7633586858 -0.3997437267 -0.105639389 0.2393959206
0.1773333333 -0.1064 -0.1064 0.7765822145 -0.002624096474 -0.03677450507 0.7105414836 -0.466942752 -0.08078442523 0.2139909054
-0.2482666667 -0.03546666667 -0.1064 0.4863075745 0.01491012295 0.01542007235 0.5317771549 -0.4470783971 -0.01789450873 0.05349051359
-0.1773333333 -0.03546666667 -0.1064 0.7359984985 -0.009578567248 0.02396383847 0.7212738326 -0.4570769667 -0.02995616687 0.07266234811
-0.1064 -0.03546666667 -0.1064 0.8423972719 -0.001538865723 0.0112050984 0.8154970517 -0.4096192634 -0.03927376478 0.08890184869
-0.03546666667 -0.03546666667 -0.1064 0.9062841479 -0.0005216854117 0.003908870722 0.8671279054 -0.3787909265 -0.04418042934 0.09446330403
0.03546666667 -0.03546666667 -0.1064 0.9062841479 0.0005216854117 -0.003908870722 0.8671279054 -0.3787909265 -0.04418042934 0.09446330403
0.1064 -0.03546666667 -0.1064 0.8423972719 0.001538865723 -0.0112050984 0.8154970517 -0.4096192634 -0.03927376478 0.08890184869
0.1773333333 -0.03546666667 -0.1064 0.7359984985 0.009578567248 -0.02396383847 0.7212738326 -0.4570769667 -0.02995616687 0.07266234811
0.2482666667 -0.03546666667 -0.1064 0.4863075745 -0.01491012295 -0.01542007235 0.5317771549 -0.4470783971 -0.01789450873 0.05349051359
-0.2482666667 0.03546666667 -0.1064 0.4863075745 -0.01491012295 -0.01542007235 0.5317771549 -0.4470783971 0.01789450873 -0.05349051359
-0.1773333333 0.03546666667 -0.1064 0.7359984985 0.009578567248 -0.02396383847 0.7212738326 -0.4570769667 0.02995616687 -0.07266234811
-0.1064 0.03546666667 -0.1064 0.8423972719 0.001538865723 -0.0112050984 0.8154970517 -0.4096192634 0.03927376478 -0.08890184869
-0.03546666667 0.03546666667 -0.1064 0.9062841479 0.0005216854117 -0.003908870722 0.8671279054 -0.3787909265 0.04418042934 -0.09446330403
0.03546666667 0.03546666667 -0.1064 0.9062841479 -0.0005216854117 0.003908870722 0.8671279054 -0.3787909265 0.04418042934 -0.09446330403
0.1064 0.03546666667 -0.1064 0.8423972719 -0.001538865723 0.0112050984 0.8154970517 -0.4096192634 0.03927376478 -0.08890184869
0.1773333333 0.03546666667 -0.1064 0.7359984985 -0.009578567248 0.02396383847 0.7212738326 -0.4570769667 0.02995616687 -0.07266234811
0.2482666667 0.03546666667 -0.1064 0.4863075745 0.01491012295 0.01542007235 0.5317771549 -0.4470783971 0.01789450873 -0.05349051359
-0.1773333333 0.1064 -0.1064 0.7765822145 -0.002624096474 -0.03677450507 0.7105414836 -0.466942752 0.08078442523 -0.2139909054
-0.1064 0.1064 -0.1064 0.8118131628 -0.0003645679568 -0.02883422059 0.7633586858 -0.3997437267 0.105639389 -0.2393959206
-0.03546666667 0.1064 -0.1064 0.909710573 0.001697340062 -0.01077802777 0.824630769 -0.3819360099 0.1198849248 -0.2633023168
0.03546666667 0.1064 -0.1064 0.909710573 -0.001697340062 0.01077802777 0.824630769 -0.3819360099 0.1198849248 -0.2633023168
0.1064 0.1064 -0.1064 0.8118131628 0.0003645679568 0.02883422059 0.7633586858 -0.3997437267 0.105639389 -0.2393959206
0.1773333333 0.1064 -0.1064 0.7765822145 0.002624096474 0.03677450507 0.7105414836 -0.466942752 0.08078442523 -0.2139909054
-0.1773333333 0.1773333333 -0.1064 0.6336801853 -0.07513192566 -0.02973701568 0.6159886162 -0.4169583834 0.07588429542 -0.2609528575
-0.1064 0.1773333333 -0.1064 0.6557102564 -0.008767383605 -0.04370860715 0.6222858318 -0.3485279668 0.1432019941 -0.3528522861
-0.03546666667 0.1773333333 -0.1064 0.8919006785 0.01124446345 -0.02370764713 0.7546127115 -0.388551299 0.1649901919 -0.3789168354
0.03546666667 0.1773333333 -0.1064 0.8919006785 -0.01124446345 0.02370764713 0.7546127115 -0.388551299 0.1649901919 -0.3789168354
0.1064 0.1773333333 -0.1064 0.6557102564 0.008767383605 0.04370860715 0.6222858318 -0.3485279668 0.1432019941 -0.3528522861
0.1773333333 0.1773333333 -0.1064 0.6336801853 0.07513192566 0.02973701568 0.6159886162 -0.4169583834 0.07588429542 -0.2609528575
-0.03546666667 0.2482666667 -0.1064 0.7511888736 -0.01757134742 -0.01129352771 0.6823946936 -0.3863040562 0.1119212879 -0.3511877863
0.03546666667 0.2482666667 -0.1064 0.7511888736 0.01757134742 0.01129352771 0.6823946936 -0.3863040562 0.1119212879 -0.3511877863
-0.1064 -0.2482666667 -0.03546666667 0.7253112667 0.05648752578 0.06861551115 0.7529517703 0.06071430323 -0.2026248111 0.3251660018
-0.03546666667 -0.2482666667 -0.03546666667 0.7124774992 0.02231096035 0.02003959104 0.6792731884 0.1088294533 -0.2545917529 0.4165396259
0.03546666667 -0.2482666667 -0.03546666667 0.7124774992 -0.02231096035 -0.02003959104 0.6792731884 0.1088294533 -0.2545917529 0.4165396259
0.1064 -0.2482666667 -0.03546666667 0.7253112667 -0.05648752578 -0.06861551115 0.7529517703 0.06071430323 -0.2026248111 0.3251660018
-0.1773333333 -0.1773333333 -0.03546666667 0.6007374859 0.02915953345 0.08140094304 0.6750761194 0.02635701824 -0.1870546877 0.3191381808
-0.1064 -0.1773333333 -0.03546666667 0.837601883 -0.008438842225 0.05669556797 0.7951502625 0.1068124526 -0.2432649901 0.3625818336
-0.03546666667 -0.1773333333 -0.03546666667 0.9125630094 -0.0007943275558 0.0209530347 0.8219657543 0.1637384829 -0.2552010033 0.380207581
0.03546666667 -0.1773333333 -0.03546666667 0.9125630094 0.0007943275558 -0.0209530347 0.8219657543 0.1637384829 -0.2552010033 0.380207581
0.1064 -0.1773333333 -0.03546666667 0.837601883 0.008438842225 -0.05669556797 0.7951502625 0.1068124526 -0.2432649901 0.3625818336
0.1773333333 -0.1773333333 -0.03546666667 0.6007374859 -0.02915953345 -0.08140094304 0.6750761194 0.02635701824 -0.1870546877 0.3191381808
-0.2482666667 -0.1064 -0.03546666667 0.4502485668 0.05243135209 0.07125683489 0.6359108937 -0.08210652587 -0.08617868313 0.1545026597
-0.1773333333 -0.1064 -0.03546666667 0.6553135745 -0.006330715059 0.05645245486 0.7651600417 0.04235133993 -0.1366897044 0.2147999445
-0.1064 -0.1064 -0.03546666667 0.8434810145 -0.003987107627 0.03827166783 0.8532362068 0.1543290407 -0.1687841188 0.2483603045
-0.03546666667 -0.1064 -0.03546666667 0.9502659954 -0.00153516024 0.01368583047 0.8940026333 0.217511786 -0.1829245589 0.264693893
0.03546666667 -0.1064 -0.03546666667 0.9502659954 0.00153516024 -0.01368583047 0.8940026333 0.217511786 -0.1829245589 0.264693893
0.1064 -0.1064 -0.03546666667 0.8434810145 0.003987107627 -0.03827166783 0.8532362068 0.1543290407 -0.1687841188 0.2483603045
0.1773333333 -0.1064 -0.03546666667 0.6553135745 0.006330715059 -0.05645245486 0.7651600417 0.04235133993 -0.1366897044 0.2147999445
0.2482666667 -0.1064 -0.03546666667 0.4502485668 -0.05243135209 -0.07125683489 0.6359108937 -0.08210652587 -0.08617868313 0.1545026597
-0.2482666667 -0.03546666667 -0.03546666667 0.5138608437 0.01176349861 0.0219452214 0.7074707206 -0.07174100567 -0.04855750773 0.07225958073
-0.1773333333 -0.03546666667 -0.03546666667 0.6612093743 -0.001478766997 0.02183225501 0.8049076178 0.06233574591 -0.05248528342 0.07882776634
-0.1064 -0.03546666667 -0.03546666667 0.8334487759 -0.00166088798 0.01382809584 0.8885846903 0.1788809623 -0.0611329126 0.08908657412
-0.03546666667 -0.03546666667 -0.03546666667 0.9431245612 -0.0005774630071 0.004850891712 0.9321642835 0.2466132098 -0.06630679767 0.0946349748
0.03546666667 -0.03546666667 -0.03546666667 0.9431245612 0.0005774630071 -0.004850891712 0.9321642835 0.2466132098 -0.06630679767 0.0946349748
0.1064 -0.03546666667 -0.03546666667 0.8334487759 0.00166088798 -0.01382809584 0.8885846903 0.1788809623 -0.0611329126 0.08908657412
0.1773333333 -0.03546666667 -0.03546666667 0.6612093743 0.001478766997 -0.02183225501 0.8049076178 0.06233574591 -0.05248528342 0.07882776634
0.2482666667 -0.03546666667 -0.03546666667 0.5138608437 -0.01176349861 -0.0219452214 0.7074707206 -0.07174100567 -0.04855750773 0.07225958073
-0.2482666667 0.03546666667 -0.03546666667 0.5138608437 -0.01176349861 -0.0219452214 0.7074707206 -0.07174100567 0.04855750773 -0.07225958073
-0.1773333333 0.03546666667 -0.03546666667 0.6612093743 0.001478766997 -0.02183225501 0.8049076178 0.06233574591 0.05248528342 -0.07882776634
-0.1064 0.03546666667 -0.03546666667 0.8334487759 0.00166088798 -0.01382809584 0.8885846903 0.1788809623 0.0611329126 -0.08908657412
-0.03546666667 0.03546666667 -0.03546666667 0.9431245612 0.0005774630071 -0.004850891712 0.9321642835 0.2466132098 0.06630679767 -0.0946349748
0.03546666667 0.03546666667 -0.03546666667 0.9431245612 -0.0005774630071 0.004850891712 0.9321642835 0.2466132098 0.06630679767 -0.0946349748
0.1064 0.03546666667 -0.03546666667 0.8334487759 -0.00166088798 0.01382809584 0.8885846903 0.1788809623 0.0611329126 -0.08908657412
0.1773333333 0.03546666667 -0.03546666667 0.6612093743 -0.001478766997 0.02183225501 0.8049076178 0.06233574591 0.05248528342 -0.07882776634
0.2482666667 0.03546666667 -0.03546666667 0.5138608437 0.01176349861 0.0219452214 0.7074707206 -0.07174100567 0.04855750773 -0.07225958073
-0.2482666667 0.1064 -0.03546666667 0.4502485668 -0.05243135209 -0.07125683489 0.6359108937 -0.08210652587 0.08617868313 -0.1545026597
-0.1773333333 0.1064 -0.03546666667 0.6553135745 0.006330715059 -0.05645245486 0.7651600417 0.04235133993 0.1366897044 -0.2147999445
-0.1064 0.1064 -0.03546666667 0.8434810145 0.003987107627 -0.03827166783 0.8532362068 0.1543290407 0.1687841188 -0.2483603045
-0.03546666667 0.1064 -0.03546666667 0.9502659954 0.00153516024 -0.01368583047 0.8940026333 0.217511786 0.1829245589 -0.264693893
0.03546666667 0.1064 -0.03546666667 0.9502659954 -0.00153516024 0.01368583047 0.8940026333 0.217511786 0.1829245589 -0.264693893
0.1064 0.1064 -0.03546666667 0.8434810145 -0.003987107627 0.03827166783 0.8532362068 0.1543290407 0.1687841188 -0.2483603045
0.1773333333 0.1064 -0.03546666667 0.6553135745 -0.006330715059 0.05645245486 0.7651600417 0.04235133993 0.1366897044 -0.2147999445
0.2482666667 0.1064 -0.03546666667 0.4502485668 0.05243135209 0.07125683489 0.6359108937 -0.08210652587 0.08617868313 -0.1545026597
-0.1773333333 0.1773333333 -0.03546666667 0.6007374859 -0.02915953345 -0.08140094304 0.6750761194 0.02635701824 0.1870546877 -0.3191381808
-0.1064 0.1773333333 -0.03546666667 0.837601883 0.008438842225 -0.05669556797 0.7951502625 0.1068124526 0.2432649901 -0.3625818336
-0.03546666667 0.1773333333 -0.03546666667 0.9125630094 0.0007943275558 -0.0209530347 0.8219657543 0.1637384829 0.2552010033 -0.380207581
0.03546666667 0.1773333333 -0.03546666667 0.9125630094 -0.0007943275558 0.0209530347 0.8219657543 0.1637384829 0.2552010033 -0.380207581
0.1064 0.1773333333 -0.03546666667 0.837601883 -0.008438842225 0.05669556797 0.7951502625 0.1068124526 0.2432649901 -0.3625818336
0.1773333333 0.1773333333 -0.03546666667 0.6007374859 0.02915953345 0.08140094304 0.6750761194 0.02635701824 0.1870546877 -0.3191381808
-0.1064 0.2482666667 -0.03546666667 0.7253112667 -0.05648752578 -0.06861551115 0.7529517703 0.06071430323 0.2026248111 -0.3251660018
-0.03546666667 0.2482666667 -0.03546666667 0.7124774992 -0.02231096035 -0.02003959104 0.6792731884 0.1088294533 0.2545917529 -0.4165396259
0.03546666667 0.2482666667 -0.03546666667 0.7124774992 0.02231096035 0.02003959104 0.6792731884 0.1088294533 0.2545917529 -0.4165396259
0.1064 0.2482666667 -0.03546666667 0.7253112667 0.05648752578 0.06861551115 0.7529517703 0.06071430323 0.2026248111 -0.3251660018
-0.1064 -0.2482666667 0.03546666667 0.8959099149 0.0510177059 0.1037981705 0.6184156415 0.584359091 -0.2930325637 0.2697248823
-0.03546666667 -0.2482666667 0.03546666667 0.8833836015 0.00982558371 0.0438768597 0.5590357797 0.5555219031 -0.3730400488 0.3479618007
0.03546666667 -0.2482666667 0.03546666667 0.8833836015 -0.00982558371 -0.0438768597 0.5590357797 0.5555219031 -0.3730400488 0.3479618007
0.1064 -0.2482666667 0.03546666667 0.8959099149 -0.0510177059 -0.1037981705 0.6184156415 0.584359091 -0.2930325637 0.2697248823
-0.1773333333 -0.1773333333 0.03546666667 0.6832199429 0.02526945305 0.1107053152 0.5582676947 0.4577405167 -0.2801017558 0.2658562349
-0.1064 -0.1773333333 0.03546666667 1.008386998 -0.009002309178 0.06074073055 0.6286197132 0.6430006579 -0.300299062 0.3253066301
-0.03546666667 -0.1773333333 0.03546666667 1.164864975 -0.002033768388 0.02154609373 0.6476236152 0.7240411687 -0.3307704849 0.3336697916
0.03546666667 -0.1773333333 0.03546666667 1.164864975 0.002033768388 -0.02154609373 0.6476236152 0.7240411687 -0.3307704849 0.3336697916
0.1064 -0.1773333333 0.03546666667 1.008386998 0.009002309178 -0.06074073055 0.6286197132 0.6430006579 -0.300299062 0.3253066301
0.1773333333 -0.1773333333 0.03546666667 0.6832199429 -0.02526945305 -0.1107053152 0.5582676947 0.4577405167 -0.2801017558 0.2658562349
-0.2482666667 -0.1064 0.03546666667 0.4505821269 0.04420680739 0.1098334851 0.5222979964 0.3592057095 -0.134635524 0.1288946372
-0.1773333333 -0.1064 0.03546666667 0.7573863043 -0.01307395042 0.06836784413 0.6148963947 0.551295917 -0.1875584377 0.1879847925
-0.1064 -0.1064 0.03546666667 1.072029304 -0.006592265398 0.04490306711 0.6713207139 0.7243029761 -0.2158869371 0.2192626022
-0.03546666667 -0.1064 0.03546666667 1.266954898 -0.002289317319 0.01525417158 0.6959515455 0.8207016934 -0.2335511062 0.2329614239
0.03546666667 -0.1064 0.03546666667 1.266954898 0.002289317319 -0.01525417158 0.6959515455 0.8207016934 -0.2335511062 0.2329614239
0.1064 -0.1064 0.03546666667 1.072029304 0.006592265398 -0.04490306711 0.6713207139 0.7243029761 -0.2158869371 0.2192626022
0.1773333333 -0.1064 0.03546666667 0.7573863043 0.01307395042 -0.06836784413 0.6148963947 0.551295917 -0.1875584377 0.1879847925
0.2482666667 -0.1064 0.03546666667 0.4505821269 -0.04420680739 -0.1098334851 0.5222979964 0.3592057095 -0.134635524 0.1288946372
-0.2482666667 -0.03546666667 0.03546666667 0.4912868651 0.009920972732 0.03003931012 0.5806548355 0.3827602364 -0.04752862129 0.06604296255
-0.1773333333 -0.03546666667 0.03546666667 0.7737409847 -0.002532728778 0.02256473665 0.6416402836 0.5935025148 -0.0662093402 0.06995882546
-0.1064 -0.03546666667 0.03546666667 1.091809612 -0.002459720098 0.01547549787 0.6944054401 0.7727052559 -0.0781776983 0.07861291549
-0.03546666667 -0.03546666667 0.03546666667 1.297836468 -0.00084873063 0.005396753685 0.7211761384 0.8738893104 -0.08410794738 0.08339620251
0.03546666667 -0.03546666667 0.03546666667 1.297836468 0.00084873063 -0.005396753685 0.7211761384 0.8738893104 -0.08410794738 0.08339620251
0.1064 -0.03546666667 0.03546666667 1.091809612 0.002459720098 -0.01547549787 0.6944054401 0.7727052559 -0.0781776983 0.07861291549
0.1773333333 -0.03546666667 0.03546666667 0.7737409847 0.002532728778 -0.02256473665 0.6416402836 0.5935025148 -0.0662093402 0.06995882546
0.2482666667 -0.03546666667 0.03546666667 0.4912868651 -0.009920972732 -0.03003931012 0.5806548355 0.3827602364 -0.04752862129 0.06604296255
-0.2482666667 0.03546666667 0.03546666667 0.4912868651 -0.009920972732 -0.03003931012 0.5806548355 0.3827602364 0.04752862129 -0.06604296255
-0.1773333333 0.03546666667 0.03546666667 0.7737409847 0.002532728778 -0.02256473665 0.6416402836 0.5935025148 0.0662093402 -0.06995882546
-0.1064 0.03546666667 0.03546666667 1.091809612 0.002459720098 -0.01547549787 0.6944054401 0.7727052559 0.0781776983 -0.07861291549
-0.03546666667 0.03546666667 0.03546666667 1.297836468 0.00084873063 -0.005396753685 0.7211761384 0.8738893104 0.08410794738 -0.08339620251
0.03546666667 0.03546666667 0.03546666667 1.297836468 -0.00084873063 0.005396753685 0.7211761384 0.8738893104 0.08410794738 -0.08339620251
0.1064 0.03546666667 0.03546666667 1.091809612 -0.002459720098 0.01547549787 0.6944054401 0.7727052559 0.0781776983 -0.07861291549
0.1773333333 0.03546666667 0.03546666667 0.7737409847 -0.002532728778 0.02256473665 0.6416402836 0.5935025148 0.0662093402 -0.06995882546
0.2482666667 0.03546666667 0.03546666667 0.4912868651 0.009920972732 0.03003931012 0.5806548355 0.3827602364 0.04752862129 -0.06604296255
-0.2482666667 0.1064 0.03546666667 0.4505821269 -0.04420680739 -0.1098334851 0.5222979964 0.3592057095 0.134635524 -0.1288946372
-0.1773333333 0.1064 0.03546666667 0.7573863043 0.01307395042 -0.06836784413 0.6148963947 0.551295917 0.1875584377 -0.1879847925
-0.1064 0.1064 0.03546666667 1.072029304 0.006592265398 -0.04490306711 0.6713207139 0.7243029761 0.2158869371 -0.2192626022
-0.03546666667 0.1064 0.03546666667 1.266954898 0.002289317319 -0.01525417158 0.6959515455 0.8207016934 0.2335511062 -0.2329614239
0.03546666667 0.1064 0.03546666667 1.266954898 -0.002289317319 0.01525417158 0.6959515455 0.8207016934 0.2335511062 -0.2329614239
0.1064 0.1064 0.03546666667 1.072029304 -0.006592265398 0.04490306711 0.6713207139 0.7243029761 0.2158869371 -0.2192626022
0.1773333333 0.1064 0.03546666667 0.7573863043 -0.01307395042 0.06836784413 0.6148963947 0.551295917 0.1875584377 -0.1879847925
0.2482666667 0.1064 0.03546666667 0.4505821269 0.04420680739 0.1098334851 0.5222979964 0.3592057095 0.134635524 -0.1288946372
-0.1773333333 0.1773333333 0.03546666667 0.6832199429 -0.02526945305 -0.1107053152 0.5582676947 0.4577405167 0.2801017558 -0.2658562349
-0.1064 0.1773333333 0.03546666667 1.008386998 0.009002309178 -0.06074073055 0.6286197132 0.6430006579 0.300299062 -0.3253066301
-0.03546666667 0.1773333333 0.03546666667 1.164864975 0.002033768388 -0.02154609373 0.6476236152 0.7240411687 0.3307704849 -0.3336697916
0.03546666667 0.1773333333 0.03546666667 1.164864975 -0.002033768388 0.02154609373 0.6476236152 0.7240411687 0.3307704849 -0.3336697916
0.1064 0.1773333333 0.03546666667 1.008386998 -0.009002309178 0.06074073055 0.6286197132 0.6430006579 0.300299062 -0.3253066301
0.1773333333 0.1773333333 0.03546666667 0.6832199429 0.02526945305 0.1107053152 0.5582676947 0.4577405167 0.2801017558 -0.2658562349
-0.1064 0.2482666667 0.03546666667 0.8959099149 -0.0510177059 -0.1037981705 0.6184156415 0.584359091 0.2930325637 -0.2697248823
-0.03546666667 0.2482666667 0.03546666667 0.8833836015 -0.00982558371 -0.0438768597 0.5590357797 0.5555219031 0.3730400488 -0.3479618007
0.03546666667 0.2482666667 0.03546666667 0.8833836015 0.00982558371 0.0438768597 0.5590357797 0.5555219031 0.3730400488 -0.3479618007
0.1064 0.2482666667 0.03546666667 0.8959099149 0.0510177059 0.1037981705 0.6184156415 0.584359091 0.2930325637 -0.2697248823
-0.03546666667 -0.2482666667 0.1064 1.328134731 0.01473226285 0.04120996815 0.3039915757 1.023516716 -0.3974782395 0.168027184
0.03546666667 -0.2482666667 0.1064 1.328134731 -0.01473226285 -0.04120996815 0.3039915757 1.023516716 -0.3974782395 0.168027184
-0.1773333333 -0.1773333333 0.1064 0.9136159689 0.04270019495 0.1910259693 0.2790698373 0.8343513686 -0.2929396817 0.124361987
-0.1064 -0.1773333333 0.1064 1.042098264 -0.001920012981 0.08497441799 0.2392417377 0.8966893124 -0.357977688 0.2131608998
-0.03546666667 -0.1773333333 0.1064 1.550367139 -0.006768837577 0.009773193699 0.2737677298 1.129286644 -0.3707045932 0.2501335974
0.03546666667 -0.1773333333 0.1064 1.550367139 0.006768837577 -0.009773193699 0.2737677298 1.129286644 -0.3707045932 0.2501335974
0.1064 -0.1773333333 0.1064 1.042098264 0.001920012981 -0.08497441799 0.2392417377 0.8966893124 -0.357977688 0.2131608998
0.1773333333 -0.1773333333 0.1064 0.9136159689 -0.04270019495 -0.1910259693 0.2790698373 0.8343513686 -0.2929396817 0.124361987
-0.1773333333 -0.1064 0.1064 1.052245733 -0.007293332794 0.06775265262 0.2863859339 0.949148071 -0.2186444935 0.1299913072
-0.1064 -0.1064 0.1064 1.398482719 -0.006680322324 0.04869719478 0.2732674651 1.113652766 -0.2392671801 0.1546618932
-0.03546666667 -0.1064 0.1064 1.740786104 -0.003973091946 0.0156505332 0.2794275235 1.250482657 -0.2628436304 0.1721975317
0.03546666667 -0.1064 0.1064 1.740786104 0.003973091946 -0.0156505332 0.2794275235 1.250482657 -0.2628436304 0.1721975317
0.1064 -0.1064 0.1064 1.398482719 0.006680322324 -0.04869719478 0.2732674651 1.113652766 -0.2392671801 0.1546618932
0.1773333333 -0.1064 0.1064 1.052245733 0.007293332794 -0.06775265262 0.2863859339 0.949148071 -0.2186444935 0.1299913072
-0.2482666667 -0.03546666667 0.1064 0.4644659932 0.00868668306 0.04734877875 0.2322332154 0.6356109672 -0.05992824094 0.02497330228
-0.1773333333 -0.03546666667 0.1064 1.032924702 -0.00877036151 0.0151927281 0.2758019704 0.9740938802 -0.0753339379 0.04490153176
-0.1064 -0.03546666667 0.1064 1.518877271 -0.003775803058 0.01641722219 0.2816826803 1.194951272 -0.08895175213 0.05854400968
-0.03546666667 -0.03546666667 0.1064 1.836354058 -0.001337778132 0.005609579562 0.2854429645 1.319863158 -0.09443220274 0.06234515938
0.03546666667 -0.03546666667 0.1064 1.836354058 0.001337778132 -0.005609579562 0.2854429645 1.319863158 -0.09443220274 0.06234515938
0.1064 -0.03546666667 0.1064 1.518877271 0.003775803058 -0.01641722219 0.2816826803 1.194951272 -0.08895175213 0.05854400968
0.1773333333 -0.03546666667 0.1064 1.032924702 0.00877036151 -0.0151927281 0.2758019704 0.9740938802 -0.0753339379 0.04490153176
0.2482666667 -0.03546666667 0.1064 0.4644659932 -0.00868668306 -0.04734877875 0.2322332154 0.6356109672 -0.05992824094 0.02497330228
-0.2482666667 0.03546666667 0.1064 0.4644659932 -0.00868668306 -0.04734877875 0.2322332154 0.6356109672 0.05992824094 -0.02497330228
-0.1773333333 0.03546666667 0.1064 1.032924702 0.00877036151 -0.0151927281 0.2758019704 0.9740938802 0.0753339379 -0.04490153176
-0.1064 0.03546666667 0.1064 1.518877271 0.003775803058 -0.01641722219 0.2816826803 1.194951272 0.08895175213 -0.05854400968
-0.03546666667 0.03546666667 0.1064 1.836354058 0.001337778132 -0.005609579562 0.2854429645 1.319863158 0.09443220274 -0.06234515938
0.03546666667 0.03546666667 0.1064 1.836354058 -0.001337778132 0.005609579562 0.2854429645 1.319863158 0.09443220274 -0.06234515938
0.1064 0.03546666667 0.1064 1.518877271 -0.003775803058 0.01641722219 0.2816826803 1.194951272 0.08895175213 -0.05854400968
0.1773333333 0.03546666667 0.1064 1.032924702 -0.00877036151 0.0151927281 0.2758019704 0.9740938802 0.0753339379 -0.04490153176
0.2482666667 0.03546666667 0.1064 0.4644659932 0.00868668306 0.04734877875 0.2322332154 0.6356109672 0.05992824094 -0.02497330228
-0.1773333333 0.1064 0.1064 1.052245733 0.007293332794 -0.06775265262 0.2863859339 0.949148071 0.2186444935 -0.1299913072
-0.1064 0.1064 0.1064 1.398482719 0.006680322324 -0.04869719478 0.2732674651 1.113652766 0.2392671801 -0.1546618932
-0.03546666667 0.1064 0.1064 1.740786104 0.003973091946 -0.0156505332 0.2794275235 1.250482657 0.2628436304 -0.1721975317
0.03546666667 0.1064 0.1064 1.740786104 -0.003973091946 0.0156505332 0.2794275235 1.250482657 0.2628436304 -0.1721975317
0.1064 0.1064 0.1064 1.398482719 -0.006680322324 0.04869719478 0.2732674651 1.113652766 0.2392671801 -0.1546618932
0.1773333333 0.1064 0.1064 1.052245733 -0.007293332794 0.06775265262 0.2863859339 0.949148071 0.2186444935 -0.1299913072
-0.1773333333 0.1773333333 0.1064 0.9136159689 -0.04270019495 -0.1910259693 0.2790698373 0.8343513686 0.2929396817 -0.124361987
-0.1064 0.1773333333 0.1064 1.042098264 0.001920012981 -0.08497441799 0.2392417377 0.8966893124 0.357977688 -0.2131608998
-0.03546666667 0.1773333333 0.1064 1.550367139 0.006768837577 -0.009773193699 0.2737677298 1.129286644 0.3707045932 -0.2501335974
0.03546666667 0.1773333333 0.1064 1.550367139 -0.006768837577 0.009773193699 0.2737677298 1.129286644 0.3707045932 -0.2501335974
0.1064 0.1773333333 0.1064 1.042098264 -0.001920012981 0.08497441799 0.2392417377 0.8966893124 0.357977688 -0.2131608998
0.1773333333 0.1773333333 0.1064 0.9136159689 0.04270019495 0.1910259693 0.2790698373 0.8343513686 0.2929396817 -0.124361987
-0.03546666667 0.2482666667 0.1064 1.328134731 -0.01473226285 -0.04120996815 0.3039915757 1.023516716 0.3974782395 -0.168027184
0.03546666667 0.2482666667 0.1064 1.328134731 0.01473226285 0.04120996815 0.3039915757 1.023516716 0.3974782395 -0.168027184
-0.1064 -0.1773333333 0.1773333333 1.400426063 0.0007312895119 0.1281513038 -0.1420195082 1.12546433 -0.3100669825 -0.03196467022
-0.03546666667 -0.1773333333 0.1773333333 1.538388865 -0.004371301766 0.04918941917 -0.1898623369 1.175023824 -0.3395219409 0.0628197101
0.03546666667 -0.1773333333 0.1773333333 1.538388865 0.004371301766 -0.04918941917 -0.1898623369 1.175023824 -0.3395219409 0.0628197101
0.1064 -0.1773333333 0.1773333333 1.400426063 -0.0007312895119 -0.1281513038 -0.1420195082 1.12546433 -0.3100669825 -0.03196467022
-0.1773333333 -0.1064 0.1773333333 1.061529915 0.004642801131 0.1268867854 -0.1498756344 0.9937005268 -0.1882395772 -0.008397738813
-0.1064 -0.1064 0.1773333333 1.787352805 -0.01201660397 0.06206033919 -0.2294862636 1.295593616 -0.2168294707 0.0715201878
-0.03546666667 -0.1064 0.1773333333 1.999244743 -0.008834912357 0.02340500524 -0.2340511409 1.364797204 -0.2678729019 0.09701369623
0.03546666667 -0.1064 0.1773333333 1.999244743 0.008834912357 -0.02340500524 -0.2340511409 1.364797204 -0.2678729019 0.09701369623
0.1064 -0.1064 0.1773333333 1.787352805 0.01201660397 -0.06206033919 -0.2294862636 1.295593616 -0.2168294707 0.0715201878
0.1773333333 -0.1064 0.1773333333 1.061529915 -0.004642801131 -0.1268867854 -0.1498756344 0.9937005268 -0.1882395772 -0.008397738813
-0.1773333333 -0.03546666667 0.1773333333 1.332642266 -0.007630181722 0.03998363891 -0.1934412257 1.13531814 -0.0675681721 0.007287662215
-0.1064 -0.03546666667 0.1773333333 1.80594566 -0.005846032793 0.02244613315 -0.2238358459 1.320389376 -0.09843904617 0.04676344251
-0.03546666667 -0.03546666667 0.1773333333 2.176101763 -0.0002371554122 0.003978959487 -0.2483361762 1.450634374 -0.09431874776 0.03433520566
0.03546666667 -0.03546666667 0.1773333333 2.176101763 0.0002371554122 -0.003978959487 -0.2483361762 1.450634374 -0.09431874776 0.03433520566
0.1064 -0.03546666667 0.1773333333 1.80594566 0.005846032793 -0.02244613315 -0.2238358459 1.320389376 -0.09843904617 0.04676344251
0.1773333333 -0.03546666667 0.1773333333 1.332642266 0.007630181722 -0.03998363891 -0.1934412257 1.13531814 -0.0675681721 0.007287662215
-0.1773333333 0.03546666667 0.1773333333 1.332642266 0.007630181722 -0.03998363891 -0.1934412257 1.13531814 0.0675681721 -0.007287662215
-0.1064 0.03546666667 0.1773333333 1.80594566 0.005846032793 -0.02244613315 -0.2238358459 1.320389376 0.09843904617 -0.04676344251
-0.03546666667 0.03546666667 0.1773333333 2.176101763 0.0002371554122 -0.003978959487 -0.2483361762 1.450634374 0.09431874776 -0.03433520566
0.03546666667 0.03546666667 0.1773333333 2.176101763 -0.0002371554122 0.003978959487 -0.2483361762 1.450634374 0.09431874776 -0.03433520566
0.1064 0.03546666667 0.1773333333 1.80594566 -0.005846032793 0.02244613315 -0.2238358459 1.320389376 0.09843904617 -0.04676344251
0.1773333333 0.03546666667 0.1773333333 1.332642266 -0.007630181722 0.03998363891 -0.1934412257 1.13531814 0.0675681721 -0.007287662215
-0.1773333333 0.1064 0.1773333333 1.061529915 -0.004642801131 -0.1268867854 -0.1498756344 0.9937005268 0.1882395772 0.008397738813
-0.1064 0.1064 0.1773333333 1.787352805 0.01201660397 -0.06206033919 -0.2294862636 1.295593616 0.2168294707 -0.0715201878
-0.03546666667 0.1064 0.1773333333 1.999244743 0.008834912357 -0.02340500524 -0.2340511409 1.364797204 0.2678729019 -0.09701369623
0.03546666667 0.1064 0.1773333333 1.999244743 -0.008834912357 0.02340500524 -0.2340511409 1.364797204 0.2678729019 -0.09701369623
0.1064 0.1064 0.1773333333 1.787352805 -0.01201660397 0.06206033919 -0.2294862636 1.295593616 0.2168294707 -0.0715201878
0.1773333333 0.1064 0.1773333333 1.061529915 0.004642801131 0.1268867854 -0.1498756344 0.9937005268 0.1882395772 0.008397738813
-0.1064 0.1773333333 0.1773333333 1.400426063 -0.0007312895119 -0.1281513038 -0.1420195082 1.12546433 0.3100669825 0.03196467022
-0.03546666667 0.1773333333 0.1773333333 1.538388865 0.004371301766 -0.04918941917 -0.1898623369 1.175023824 0.3395219409 -0.0628197101
0.03546666667 0.1773333333 0.1773333333 1.538388865 -0.004371301766 0.04918941917 -0.1898623369 1.175023824 0.3395219409 -0.0628197101
0.1064 0.1773333333 0.1773333333 1.400426063 0.0007312895119 0.1281513038 -0.1420195082 1.12546433 0.3100669825 0.03196467022
-0.03546666667 -0.1064 0.2482666667 1.71069003 -0.007051541119 0.0325322294 -0.6398590263 1.121304987 -0.1889959553 -0.08436849101
0.03546666667 -0.1064 0.2482666667 1.71069003 0.007051541119 -0.0325322294 -0.6398590263 1.121304987 -0.1889959553 -0.08436849101
-0.1064 -0.03546666667 0.2482666667 1.355975551 -0.005210209349 0.03194616395 -0.5983154055 0.9957791521 -0.06867875376 -0.02556622658
-0.03546666667 -0.03546666667 0.2482666667 2.115942903 0.01128244632 -0.01106714476 -0.7391408706 1.251209717 -0.05968063464 -0.016624304
0.03546666667 -0.03546666667 0.2482666667 2.115942903 -0.01128244632 0.01106714476 -0.7391408706 1.251209717 -0.05968063464 -0.016624304
0.1064 -0.03546666667 0.2482666667 1.355975551 0.005210209349 -0.03194616395 -0.5983154055 0.9957791521 -0.06867875376 -0.02556622658
-0.1064 0.03546666667 0.2482666667 1.355975551 0.005210209349 -0.03194616395 -0.5983154055 0.9957791521 0.06867875376 0.02556622658
-0.03546666667 0.03546666667 0.2482666667 2.115942903 -0.01128244632 0.01106714476 -0.7391408706 1.251209717 0.05968063464 0.016624304
0.03546666667 0.03546666667 0.2482666667 2.115942903 0.01128244632 -0.01106714476 -0.7391408706 1.251209717 0.05968063464 0.016624304
0.1064 0.03546666667 0.2482666667 1.355975551 -0.005210209349 0.03194616395 -0.5983154055 0.9957791521 0.06867875376 0.02556622658
-0.03546666667 0.1064 0.2482666667 1.71069003 0.007051541119 -0.0325322294 -0.6398590263 1.121304987 0.1889959553 0.08436849101
0.03546666667 0.1064 0.2482666667 1.71069003 -0.007051541119 0.0325322294 -0.6398590263 1.121304987 0.1889959553 0.08436849101
