x y z |E|^2 Ex.r Ex.i Ey.r Ey.i Ez.r Ez.i
-0.1418666667 -0.1418666667 -0.1418666667 0.5415113272 0.4777206398 -0.5266329447 0.1167483218 -0.003607385132 0.1147590833 0.09559930966
-0.07093333333 -0.1418666667 -0.1418666667 0.6848688314 0.5219396201 -0.636200483 0.05083889042 0.006770549751 0.04637956305 0.05399363713
0 -0.1418666667 -0.1418666667 0.7236111828 0.5322414576 -0.6635738193 4.859881822e-19 9.059394681e-18 -4.61657722e-18 -4.140230963e-18
0.07093333333 -0.1418666667 -0.1418666667 0.6848688314 0.5219396201 -0.636200483 -0.05083889042 -0.006770549751 -0.04637956305 -0.05399363713
0.1418666667 -0.1418666667 -0.1418666667 0.5415113272 0.4777206398 -0.5266329447 -0.1167483218 0.003607385132 -0.1147590833 -0.09559930966
-0.1418666667 -0.07093333333 -0.1418666667 0.5000903671 0.4792940787 -0.4879258542 0.06194519566 0.008327826343 0.1279351015 0.1096447168
-0.07093333333 -0.07093333333 -0.1418666667 0.6620836305 0.5427680574 -0.6003507105 0.0309121986 0.005446719713 0.04889990108 0.06073762946
0 -0.07093333333 -0.1418666667 0.7122103965 0.5611626527 -0.6303228329 9.056187809e-18 1.487506607e-18 8.678461603e-18 -1.349163064e-17
0.07093333333 -0.07093333333 -0.1418666667 0.6620836305 0.5427680574 -0.6003507105 -0.0309121986 -0.005446719713 -0.04889990108 -0.06073762946
0.1418666667 -0.07093333333 -0.1418666667 0.5000903671 0.4792940787 -0.4879258542 -0.06194519566 -0.008327826343 -0.1279351015 -0.1096447168
-0.1418666667 0 -0.1418666667 0.4988741556 0.487079643 -0.4803420966 2.098147437e-17 -2.003966573e-19 0.1326285525 0.115363401
-0.07093333333 0 -0.1418666667 0.6612017026 0.552943177 -0.590632483 2.392869775e-18 -1.129148565e-18 0.05061294612 0.06361717714
0 0 -0.1418666667 0.7137244737 0.5732157951 -0.620603034 -7.259747167e-18 -7.091287761e-19 3.504532871e-17 9.017824073e-18
0.07093333333 0 -0.1418666667 0.6612017026 0.552943177 -0.590632483 -4.238203905e-18 -1.255780495e-18 -0.05061294612 -0.06361717714
0.1418666667 0 -0.1418666667 0.4988741556 0.487079643 -0.4803420966 -1.881893609e-17 -4.348577534e-18 -0.1326285525 -0.115363401
-0.1418666667 0.07093333333 -0.1418666667 0.5000903671 0.4792940787 -0.4879258542 -0.06194519566 -0.008327826343 0.1279351015 0.1096447168
-0.07093333333 0.07093333333 -0.1418666667 0.6620836305 0.5427680574 -0.6003507105 -0.0309121986 -0.005446719713 0.04889990108 0.06073762946
0 0.07093333333 -0.1418666667 0.7122103965 0.5611626527 -0.6303228329 -2.531203904e-17 3.512412201e-18 8.970843702e-18 3.75374873e-18
0.07093333333 0.07093333333 -0.1418666667 0.6620836305 0.5427680574 -0.6003507105 0.0309121986 0.005446719713 -0.04889990108 -0.06073762946
0.1418666667 0.07093333333 -0.1418666667 0.5000903671 0.4792940787 -0.4879258542 0.06194519566 0.008327826343 -0.1279351015 -0.1096447168
-0.1418666667 0.1418666667 -0.1418666667 0.5415113272 0.4777206398 -0.5266329447 -0.1167483218 0.003607385132 0.1147590833 0.09559930966
-0.07093333333 0.1418666667 -0.1418666667 0.6848688314 0.5219396201 -0.636200483 -0.05083889042 -0.006770549751 0.04637956305 0.05399363713
0 0.1418666667 -0.1418666667 0.7236111828 0.5322414576 -0.6635738193 -1.444600964e-17 -1.027123347e-18 -1.338375296e-17 8.943368327e-18
0.07093333333 0.1418666667 -0.1418666667 0.6848688314 0.5219396201 -0.636200483 0.05083889042 0.006770549751 -0.04637956305 -0.05399363713
0.1418666667 0.1418666667 -0.1418666667 0.5415113272 0.4777206398 -0.5266329447 0.1167483218 -0.003607385132 -0.1147590833 -0.09559930966
-0.1418666667 -0.1418666667 -0.07093333333 0.542356869 0.6722427638 -0.1703487203 0.1379706118 0.02476589664 0.05423707482 0.1970709247
-0.07093333333 -0.1418666667 -0.07093333333 0.649652431 0.7687315236 -0.2152734073 0.05551164759 0.01532762258 0.02174109221 0.0925876973
0 -0.1418666667 -0.07093333333 0.6814490164 0.7936584565 -0.227057858 -1.780149643e-18 4.909583745e-18 -7.348267104e-18 -8.096557065e-18
0.07093333333 -0.1418666667 -0.07093333333 0.649652431 0.7687315236 -0.2152734073 -0.05551164759 -0.01532762258 -0.02174109221 -0.0925876973
0.1418666667 -0.1418666667 -0.07093333333 0.542356869 0.6722427638 -0.1703487203 -0.1379706118 -0.02476589664 -0.05423707482 -0.1970709247
-0.1418666667 -0.07093333333 -0.07093333333 0.530830999 0.6710660044 -0.1333617581 0.0722660645 0.02174452715 0.06303120204 0.2303213346
-0.07093333333 -0.07093333333 -0.07093333333 0.6827906328 0.8001424129 -0.1706655179 0.03465495874 0.01096745501 0.02415755859 0.1073833977
0 -0.07093333333 -0.07093333333 0.7345294318 0.8377399663 -0.1808899683 1.020271825e-18 2.327928054e-19 1.984598018e-18 -1.199241199e-17
0.07093333333 -0.07093333333 -0.07093333333 0.6827906328 0.8001424129 -0.1706655179 -0.03465495874 -0.01096745501 -0.02415755859 -0.1073833977
0.1418666667 -0.07093333333 -0.07093333333 0.530830999 0.6710660044 -0.1333617581 -0.0722660645 -0.02174452715 -0.06303120204 -0.2303213346
-0.1418666667 0 -0.07093333333 0.5408673744 0.6808868941 -0.1226677932 1.144469754e-17 -3.212623626e-19 0.06553278937 0.2406625808
-0.07093333333 0 -0.07093333333 0.7013096055 0.8146537924 -0.1559839699 -2.222290069e-18 -2.202090326e-18 0.02505636398 0.1126498284
0 0 -0.07093333333 0.7587972683 0.8552852182 -0.1651800951 -7.921586769e-18 3.882433947e-18 1.586013024e-17 -1.114062162e-17
0.07093333333 0 -0.07093333333 0.7013096055 0.8146537924 -0.1559839699 -1.827432245e-17 3.395607442e-18 -0.02505636398 -0.1126498284
0.1418666667 0 -0.07093333333 0.5408673744 0.6808868941 -0.1226677932 -2.598289163e-17 -2.018366237e-18 -0.06553278937 -0.2406625808
-0.1418666667 0.07093333333 -0.07093333333 0.530830999 0.6710660044 -0.1333617581 -0.0722660645 -0.02174452715 0.06303120204 0.2303213346
-0.07093333333 0.07093333333 -0.07093333333 0.6827906328 0.8001424129 -0.1706655179 -0.03465495874 -0.01096745501 0.02415755859 0.1073833977
0 0.07093333333 -0.07093333333 0.7345294318 0.8377399663 -0.1808899683 -1.640075918e-17 6.688143558e-18 1.041632273e-17 -7.980343977e-20
0.07093333333 0.07093333333 -0.07093333333 0.6827906328 0.8001424129 -0.1706655179 0.03465495874 0.01096745501 -0.02415755859 -0.1073833977
0.1418666667 0.07093333333 -0.07093333333 0.530830999 0.6710660044 -0.1333617581 0.0722660645 0.02174452715 -0.06303120204 -0.2303213346
-0.1418666667 0.1418666667 -0.07093333333 0.542356869 0.6722427638 -0.1703487203 -0.1379706118 -0.02476589664 0.05423707482 0.1970709247
-0.07093333333 0.1418666667 -0.07093333333 0.649652431 0.7687315236 -0.2152734073 -0.05551164759 -0.01532762258 0.02174109221 0.0925876973
0 0.1418666667 -0.07093333333 0.6814490164 0.7936584565 -0.227057858 2.896782503e-18 9.483749709e-19 -2.941382252e-17 1.435734549e-17
0.07093333333 0.1418666667 -0.07093333333 0.649652431 0.7687315236 -0.2152734073 0.05551164759 0.01532762258 -0.02174109221 -0.0925876973
0.1418666667 0.1418666667 -0.07093333333 0.542356869 0.6722427638 -0.1703487203 0.1379706118 0.02476589664 -0.05423707482 -0.1970709247
-0.1418666667 -0.1418666667 0 0.6435695456 0.7266078732 0.2140924291 0.1452338339 0.07128796674 -0.04064700551 0.2048120024
-0.07093333333 -0.1418666667 0 0.773900229 0.8341396189 0.253873151 0.05779334053 0.03047753443 -0.02068953122 0.09467175581
0 -0.1418666667 0 0.8146801463 0.8625314774 0.2659315641 7.214879516e-18 -9.827152851e-18 -5.478902854e-18 -1.821001262e-17
0.07093333333 -0.1418666667 0 0.773900229 0.8341396189 0.253873151 -0.05779334053 -0.03047753443 0.02068953122 -0.09467175581
0.1418666667 -0.1418666667 0 0.6435695456 0.7266078732 0.2140924291 -0.1452338339 -0.07128796674 0.04064700551 -0.2048120024
-0.1418666667 -0.07093333333 0 0.654003316 0.7242034852 0.2474701665 0.07545983931 0.04257916826 -0.04511652408 0.2423808389
-0.07093333333 -0.07093333333 0 0.8628417619 0.8671838461 0.3101175457 0.03594174061 0.01984607681 -0.02293879943 0.111575906
0 -0.07093333333 0 0.9358027782 0.9094642215 0.3296628702 1.034121047e-17 -6.924533104e-18 -8.129184679e-18 -1.948876954e-17
0.07093333333 -0.07093333333 0 0.8628417619 0.8671838461 0.3101175457 -0.03594174061 -0.01984607681 0.02293879943 -0.111575906
0.1418666667 -0.07093333333 0 0.654003316 0.7242034852 0.2474701665 -0.07545983931 -0.04257916826 0.04511652408 -0.2423808389
-0.1418666667 0 0 0.6744885472 0.7343828727 0.2619964769 8.454183488e-18 -1.43993203e-18 -0.0466675206 0.2536736726
-0.07093333333 0 0 0.9025228311 0.8825410234 0.3305936264 -8.05996563e-18 4.020038031e-18 -0.02376223198 0.1174196897
0 0 0 0.9857532319 0.9281655252 0.3525081413 -1.196409009e-17 1.145498617e-17 8.225065772e-19 -3.092800114e-18
0.07093333333 0 0 0.9025228311 0.8825410234 0.3305936264 -1.416432217e-17 5.494041572e-18 0.02376223198 -0.1174196897
0.1418666667 0 0 0.6744885472 0.7343828727 0.2619964769 -2.263956689e-17 -2.668317201e-18 0.0466675206 -0.2536736726
-0.1418666667 0.07093333333 0 0.654003316 0.7242034852 0.2474701665 -0.07545983931 -0.04257916826 -0.04511652408 0.2423808389
-0.07093333333 0.07093333333 0 0.8628417619 0.8671838461 0.3101175457 -0.03594174061 -0.01984607681 -0.02293879943 0.111575906
0 0.07093333333 0 0.9358027782 0.9094642215 0.3296628702 -2.178534981e-17 2.405563011e-17 -1.708276084e-17 -8.363883575e-18
0.07093333333 0.07093333333 0 0.8628417619 0.8671838461 0.3101175457 0.03594174061 0.01984607681 0.02293879943 -0.111575906
0.1418666667 0.07093333333 0 0.654003316 0.7242034852 0.2474701665 0.07545983931 0.04257916826 0.04511652408 -0.2423808389
-0.1418666667 0.1418666667 0 0.6435695456 0.7266078732 0.2140924291 -0.1452338339 -0.07128796674 -0.04064700551 0.2048120024
-0.07093333333 0.1418666667 0 0.773900229 0.8341396189 0.253873151 -0.05779334053 -0.03047753443 -0.02068953122 0.09467175581
0 0.1418666667 0 0.8146801463 0.8625314774 0.2659315641 -3.967252037e-18 1.154376993e-17 -2.203798037e-17 4.347694842e-18
0.07093333333 0.1418666667 0 0.773900229 0.8341396189 0.253873151 0.05779334053 0.03047753443 0.02068953122 -0.09467175581
0.1418666667 0.1418666667 0 0.6435695456 0.7266078732 0.2140924291 0.1452338339 0.07128796674 0.04064700551 -0.2048120024
-0.1418666667 -0.1418666667 0.07093333333 0.7737467294 0.6200269929 0.5731411393 0.1320207559 0.112856807 -0.1261302601 0.1214393285
-0.07093333333 -0.1418666667 0.07093333333 0.978082967 0.7008095342 0.6896240011 0.05380090848 0.04405849969 -0.05837021957 0.05590106608
0 -0.1418666667 0.07093333333 1.041471651 0.7208170098 0.7224226527 1.321883188e-18 -7.455525444e-18 -9.384538431e-18 1.878557005e-17
0.07093333333 -0.1418666667 0.07093333333 0.978082967 0.7008095342 0.6896240011 -0.05380090848 -0.04405849969 0.05837021957 -0.05590106608
0.1418666667 -0.1418666667 0.07093333333 0.7737467294 0.6200269929 0.5731411393 -0.1320207559 -0.112856807 0.1261302601 -0.1214393285
-0.1418666667 -0.07093333333 0.07093333333 0.7905012496 0.6162193057 0.6002360454 0.06939507234 0.06060916123 -0.1422142576 0.1475725757
-0.07093333333 -0.07093333333 0.07093333333 1.103536051 0.7264410552 0.7517080337 0.03359911956 0.02768527232 -0.06448628075 0.06856107083
0 -0.07093333333 0.07093333333 1.209240786 0.7580049223 0.7966613608 -3.045032089e-18 -6.753539467e-18 -1.823559187e-17 1.315502978e-17
0.07093333333 -0.07093333333 0.07093333333 1.103536051 0.7264410552 0.7517080337 -0.03359911956 -0.02768527232 0.06448628075 -0.06856107083
0.1418666667 -0.07093333333 0.07093333333 0.7905012496 0.6162193057 0.6002360454 -0.06939507234 -0.06060916123 0.1422142576 -0.1475725757
-0.1418666667 0 0.07093333333 0.8168863894 0.6245321137 0.6173218842 1.303906942e-17 -3.598231085e-18 -0.1473135314 0.1551078433
-0.07093333333 0 0.07093333333 1.157422829 0.7387500267 0.7758314799 -1.054831974e-17 -2.942565431e-19 -0.06677507286 0.07278620581
0 0 0.07093333333 1.276709516 0.7730385941 0.8240878888 -1.807999084e-17 4.502045321e-18 -1.315635215e-17 -2.153083414e-18
0.07093333333 0 0.07093333333 1.157422829 0.7387500267 0.7758314799 -1.266473126e-17 3.592604355e-18 0.06677507286 -0.07278620581
0.1418666667 0 0.07093333333 0.8168863894 0.6245321137 0.6173218842 -1.138086664e-17 -3.736201107e-18 0.1473135314 -0.1551078433
-0.1418666667 0.07093333333 0.07093333333 0.7905012496 0.6162193057 0.6002360454 -0.06939507234 -0.06060916123 -0.1422142576 0.1475725757
-0.07093333333 0.07093333333 0.07093333333 1.103536051 0.7264410552 0.7517080337 -0.03359911956 -0.02768527232 -0.06448628075 0.06856107083
0 0.07093333333 0.07093333333 1.209240786 0.7580049223 0.7966613608 -1.837101387e-17 7.53675234e-19 -1.277877546e-18 1.220722763e-17
0.07093333333 0.07093333333 0.07093333333 1.103536051 0.7264410552 0.7517080337 0.03359911956 0.02768527232 0.06448628075 -0.06856107083
0.1418666667 0.07093333333 0.07093333333 0.7905012496 0.6162193057 0.6002360454 0.06939507234 0.06060916123 0.1422142576 -0.1475725757
-0.1418666667 0.1418666667 0.07093333333 0.7737467294 0.6200269929 0.5731411393 -0.1320207559 -0.112856807 -0.1261302601 0.1214393285
-0.07093333333 0.1418666667 0.07093333333 0.978082967 0.7008095342 0.6896240011 -0.05380090848 -0.04405849969 -0.05837021957 0.05590106608
0 0.1418666667 0.07093333333 1.041471651 0.7208170098 0.7224226527 -3.768064547e-18 1.382869449e-17 -1.004190957e-17 1.42086873e-17
0.07093333333 0.1418666667 0.07093333333 0.978082967 0.7008095342 0.6896240011 0.05380090848 0.04405849969 0.05837021957 -0.05590106608
0.1418666667 0.1418666667 0.07093333333 0.7737467294 0.6200269929 0.5731411393 0.1320207559 0.112856807 0.1261302601 -0.1214393285
-0.1418666667 -0.1418666667 0.1418666667 0.9527688098 0.3777039517 0.8687313524 0.1088155634 0.1321658528 -0.1580675463 -0.03347212844
-0.07093333333 -0.1418666667 0.1418666667 1.20384467 0.39309495 1.019461692 0.04904149286 0.05212244959 -0.06979102287 -0.005126747456
0 -0.1418666667 0.1418666667 1.27566648 0.3949317438 1.058156603 2.0697523e-18 5.531608787e-18 -1.682045276e-17 2.021553181e-17
0.07093333333 -0.1418666667 0.1418666667 1.20384467 0.39309495 1.019461692 -0.04904149286 -0.05212244959 0.06979102287 0.005126747456
0.1418666667 -0.1418666667 0.1418666667 0.9527688098 0.3777039517 0.8687313524 -0.1088155634 -0.1321658528 0.1580675463 0.03347212844
-0.1418666667 -0.07093333333 0.1418666667 0.9708311903 0.3742301986 0.8898498732 0.05794083471 0.06692176755 -0.1740775536 -0.0284867324
-0.07093333333 -0.07093333333 0.1418666667 1.322891603 0.4037654804 1.073567102 0.0295694826 0.03107681504 -0.07400913549 0.001114376585
0 -0.07093333333 0.1418666667 1.434126539 0.4118967221 1.124485495 -2.778961604e-18 1.375361029e-18 -3.200649115e-17 7.191728701e-18
0.07093333333 -0.07093333333 0.1418666667 1.322891603 0.4037654804 1.073567102 -0.0295694826 -0.03107681504 0.07400913549 -0.001114376585
0.1418666667 -0.07093333333 0.1418666667 0.9708311903 0.3742301986 0.8898498732 -0.05794083471 -0.06692176755 0.1740775536 0.0284867324
-0.1418666667 0 0.1418666667 1.000365837 0.3792706852 0.90736396 1.40438518e-18 -3.589464772e-18 -0.1801171232 -0.02771372798
-0.07093333333 0 0.1418666667 1.377081237 0.4100354052 1.096855572 -1.446207278e-17 3.900970105e-18 -0.07651267351 0.002422568779
0 0 0.1418666667 1.500470601 0.4195484736 1.150847374 -1.645187405e-17 9.594568164e-18 -1.117011015e-17 -2.381134686e-18
0.07093333333 0 0.1418666667 1.377081237 0.4100354052 1.096855572 -1.255387729e-17 9.925494533e-18 0.07651267351 -0.002422568779
0.1418666667 0 0.1418666667 1.000365837 0.3792706852 0.90736396 -5.944736718e-18 2.41067238e-18 0.1801171232 0.02771372798
-0.1418666667 0.07093333333 0.1418666667 0.9708311903 0.3742301986 0.8898498732 -0.05794083471 -0.06692176755 -0.1740775536 -0.0284867324
-0.07093333333 0.07093333333 0.1418666667 1.322891603 0.4037654804 1.073567102 -0.0295694826 -0.03107681504 -0.07400913549 0.001114376585
0 0.07093333333 0.1418666667 1.434126539 0.4118967221 1.124485495 -8.895261299e-18 5.887169154e-18 -2.486430039e-19 -5.574776763e-18
0.07093333333 0.07093333333 0.1418666667 1.322891603 0.4037654804 1.073567102 0.0295694826 0.03107681504 0.07400913549 -0.001114376585
0.1418666667 0.07093333333 0.1418666667 0.9708311903 0.3742301986 0.8898498732 0.05794083471 0.06692176755 0.1740775536 0.0284867324
-0.1418666667 0.1418666667 0.1418666667 0.9527688098 0.3777039517 0.8687313524 -0.1088155634 -0.1321658528 -0.1580675463 -0.03347212844
-0.07093333333 0.1418666667 0.1418666667 1.20384467 0.39309495 1.019461692 -0.04904149286 -0.05212244959 -0.06979102287 -0.005126747456
0 0.1418666667 0.1418666667 1.27566648 0.3949317438 1.058156603 7.500097517e-18 -1.798538335e-17 2.671640776e-18 -1.349799183e-18
0.07093333333 0.1418666667 0.1418666667 1.20384467 0.39309495 1.019461692 0.04904149286 0.05212244959 0.06979102287 0.005126747456
0.1418666667 0.1418666667 0.1418666667 0.9527688098 0.3777039517 0.8687313524 0.1088155634 0.1321658528 0.1580675463 0.03347212844
