x y z |P|^2 Px.r Px.i Py.r Py.i Pz.r Pz.i
-0.1418666667 -0.1418666667 -0.1418666667 6.825116312e-10 4.144783995e-06 -1.280689258e-07 1.695997708e-05 -1.869645547e-05 4.074162302e-06 3.393954469e-06
-0.07093333333 -0.1418666667 -0.1418666667 6.303053603e-10 2.199170417e-06 2.956534261e-07 1.70158371e-05 -1.732228129e-05 4.541935616e-06 3.892592717e-06
0 -0.1418666667 -0.1418666667 6.28772468e-10 -1.651091529e-22 3.61859492e-22 1.729223921e-05 -1.70530437e-05 4.708561914e-06 4.095616712e-06
0.07093333333 -0.1418666667 -0.1418666667 6.303053603e-10 -2.199170417e-06 -2.956534261e-07 1.70158371e-05 -1.732228129e-05 4.541935616e-06 3.892592717e-06
0.1418666667 -0.1418666667 -0.1418666667 6.825116312e-10 -4.144783995e-06 1.280689258e-07 1.695997708e-05 -1.869645547e-05 4.074162302e-06 3.393954469e-06
-0.1418666667 -0.07093333333 -0.1418666667 8.631969819e-10 1.804875788e-06 2.403671916e-07 1.852983366e-05 -2.258630821e-05 1.646561318e-06 1.916875202e-06
-0.07093333333 -0.07093333333 -0.1418666667 8.344789036e-10 1.097440923e-06 1.933687469e-07 1.926928218e-05 -2.131357417e-05 1.736038036e-06 2.156299556e-06
0 -0.07093333333 -0.1418666667 8.333673368e-10 4.052496063e-22 6.11938937e-23 1.963051798e-05 -2.09685589e-05 1.796854342e-06 2.25852889e-06
0.07093333333 -0.07093333333 -0.1418666667 8.344789036e-10 -1.097440923e-06 -1.933687469e-07 1.926928218e-05 -2.131357417e-05 1.736038036e-06 2.156299556e-06
0.1418666667 -0.07093333333 -0.1418666667 8.631969819e-10 -1.804875788e-06 -2.403671916e-07 1.852983366e-05 -2.258630821e-05 1.646561318e-06 1.916875202e-06
-0.1418666667 0 -0.1418666667 9.120271801e-10 2.770090348e-22 3.451182217e-22 1.889556818e-05 -2.35581129e-05 5.349161117e-23 2.602060868e-22
-0.07093333333 0 -0.1418666667 8.976578237e-10 1.466189685e-22 4.51572996e-22 1.992232475e-05 -2.237764063e-05 1.944279877e-23 3.15971476e-22
0 0 -0.1418666667 8.995661407e-10 7.775737123e-23 2.594757086e-22 2.035023387e-05 -2.203256957e-05 -5.337621226e-23 1.919756469e-22
0.07093333333 0 -0.1418666667 8.976578237e-10 1.240089691e-22 1.238544976e-22 1.992232475e-05 -2.237764063e-05 -2.313304108e-22 9.867211262e-24
0.1418666667 0 -0.1418666667 9.120271801e-10 -2.750714756e-23 -5.274898964e-24 1.889556818e-05 -2.35581129e-05 -3.754111459e-22 -1.725331841e-22
-0.1418666667 0.07093333333 -0.1418666667 8.631969819e-10 -1.804875788e-06 -2.403671916e-07 1.852983366e-05 -2.258630821e-05 -1.646561318e-06 -1.916875202e-06
-0.07093333333 0.07093333333 -0.1418666667 8.344789036e-10 -1.097440923e-06 -1.933687469e-07 1.926928218e-05 -2.131357417e-05 -1.736038036e-06 -2.156299556e-06
0 0.07093333333 -0.1418666667 8.333673368e-10 -7.2281193e-22 4.759091123e-22 1.963051798e-05 -2.09685589e-05 -1.796854342e-06 -2.25852889e-06
0.07093333333 0.07093333333 -0.1418666667 8.344789036e-10 1.097440923e-06 1.933687469e-07 1.926928218e-05 -2.131357417e-05 -1.736038036e-06 -2.156299556e-06
0.1418666667 0.07093333333 -0.1418666667 8.631969819e-10 1.804875788e-06 2.403671916e-07 1.852983366e-05 -2.258630821e-05 -1.646561318e-06 -1.916875202e-06
-0.1418666667 0.1418666667 -0.1418666667 6.825116312e-10 -4.144783995e-06 1.280689258e-07 1.695997708e-05 -1.869645547e-05 -4.074162302e-06 -3.393954469e-06
-0.07093333333 0.1418666667 -0.1418666667 6.303053603e-10 -2.199170417e-06 -2.956534261e-07 1.70158371e-05 -1.732228129e-05 -4.541935616e-06 -3.892592717e-06
0 0.1418666667 -0.1418666667 6.28772468e-10 -5.133135299e-22 -2.068895064e-22 1.729223921e-05 -1.70530437e-05 -4.708561914e-06 -4.095616712e-06
0.07093333333 0.1418666667 -0.1418666667 6.303053603e-10 2.199170417e-06 2.956534261e-07 1.70158371e-05 -1.732228129e-05 -4.541935616e-06 -3.892592717e-06
0.1418666667 0.1418666667 -0.1418666667 6.825116312e-10 4.144783995e-06 -1.280689258e-07 1.695997708e-05 -1.869645547e-05 -4.074162302e-06 -3.393954469e-06
-0.1418666667 -0.1418666667 -0.07093333333 6.835773377e-10 4.89821502e-06 8.792356963e-07 2.386587666e-05 -6.04769849e-06 1.925517696e-06 6.996386772e-06
-0.07093333333 -0.1418666667 -0.07093333333 6.690503279e-10 2.565580583e-06 7.71971423e-07 2.382409949e-05 -4.734592086e-06 2.237725677e-06 8.176838577e-06
0 -0.1418666667 -0.07093333333 6.81700004e-10 5.64025772e-22 -2.782444909e-22 2.417275947e-05 -4.35493631e-06 2.32653671e-06 8.543972175e-06
0.07093333333 -0.1418666667 -0.07093333333 6.690503279e-10 -2.565580583e-06 -7.71971423e-07 2.382409949e-05 -4.734592086e-06 2.237725677e-06 8.176838577e-06
0.1418666667 -0.1418666667 -0.07093333333 6.835773377e-10 -4.89821502e-06 -8.792356963e-07 2.386587666e-05 -6.04769849e-06 1.925517696e-06 6.996386772e-06
-0.1418666667 -0.07093333333 -0.07093333333 8.188108321e-10 1.970767416e-06 5.441592972e-07 2.729140827e-05 -7.642608983e-06 7.71849476e-07 3.287036593e-06
-0.07093333333 -0.07093333333 -0.07093333333 8.605776559e-10 1.230315915e-06 3.893651855e-07 2.840655364e-05 -6.058945399e-06 8.576385566e-07 3.812311655e-06
0 -0.07093333333 -0.07093333333 8.839186529e-10 -1.676253556e-22 3.054093365e-22 2.892173479e-05 -5.537722958e-06 8.895478305e-07 3.999279805e-06
0.07093333333 -0.07093333333 -0.07093333333 8.605776559e-10 -1.230315915e-06 -3.893651855e-07 2.840655364e-05 -6.058945399e-06 8.576385566e-07 3.812311655e-06
0.1418666667 -0.07093333333 -0.07093333333 8.188108321e-10 -1.970767416e-06 -5.441592972e-07 2.729140827e-05 -7.642608983e-06 7.71849476e-07 3.287036593e-06
-0.1418666667 0 -0.07093333333 8.588867054e-10 1.906728158e-22 4.086133719e-22 2.817636105e-05 -8.060979045e-06 -1.978163675e-23 4.221137824e-22
-0.07093333333 0 -0.07093333333 9.257883547e-10 6.248466521e-24 6.190063831e-22 2.974133718e-05 -6.421932527e-06 -2.332979553e-22 4.711094408e-22
0 0 -0.07093333333 9.563751214e-10 -1.117344625e-22 3.480830079e-22 3.036422647e-05 -5.864202617e-06 -6.141176459e-23 4.715675993e-22
0.07093333333 0 -0.07093333333 9.257883547e-10 -5.702502e-23 7.094422827e-23 2.974133718e-05 -6.421932527e-06 -1.824829402e-22 2.56086598e-22
0.1418666667 0 -0.07093333333 8.588867054e-10 -4.41266621e-23 -1.118380867e-25 2.817636105e-05 -8.060979045e-06 -2.211830128e-22 3.754931573e-23
-0.1418666667 0.07093333333 -0.07093333333 8.188108321e-10 -1.970767416e-06 -5.441592972e-07 2.729140827e-05 -7.642608983e-06 -7.71849476e-07 -3.287036593e-06
-0.07093333333 0.07093333333 -0.07093333333 8.605776559e-10 -1.230315915e-06 -3.893651855e-07 2.840655364e-05 -6.058945399e-06 -8.576385566e-07 -3.812311655e-06
0 0.07093333333 -0.07093333333 8.839186529e-10 -3.850976395e-22 3.356404612e-22 2.892173479e-05 -5.537722958e-06 -8.895478305e-07 -3.999279805e-06
0.07093333333 0.07093333333 -0.07093333333 8.605776559e-10 1.230315915e-06 3.893651855e-07 2.840655364e-05 -6.058945399e-06 -8.576385566e-07 -3.812311655e-06
0.1418666667 0.07093333333 -0.07093333333 8.188108321e-10 1.970767416e-06 5.441592972e-07 2.729140827e-05 -7.642608983e-06 -7.71849476e-07 -3.287036593e-06
-0.1418666667 0.1418666667 -0.07093333333 6.835773377e-10 -4.89821502e-06 -8.792356963e-07 2.386587666e-05 -6.04769849e-06 -1.925517696e-06 -6.996386772e-06
-0.07093333333 0.1418666667 -0.07093333333 6.690503279e-10 -2.565580583e-06 -7.71971423e-07 2.382409949e-05 -4.734592086e-06 -2.237725677e-06 -8.176838577e-06
0 0.1418666667 -0.07093333333 6.81700004e-10 -5.414482653e-22 7.594551006e-22 2.417275947e-05 -4.35493631e-06 -2.32653671e-06 -8.543972175e-06
0.07093333333 0.1418666667 -0.07093333333 6.690503279e-10 2.565580583e-06 7.71971423e-07 2.382409949e-05 -4.734592086e-06 -2.237725677e-06 -8.176838577e-06
0.1418666667 0.1418666667 -0.07093333333 6.835773377e-10 4.89821502e-06 8.792356963e-07 2.386587666e-05 -6.04769849e-06 -1.925517696e-06 -6.996386772e-06
-0.1418666667 -0.1418666667 0 8.111440672e-10 5.156073004e-06 2.530856281e-06 2.579593982e-05 7.600682046e-06 -1.443044793e-06 7.271209525e-06
-0.07093333333 -0.1418666667 0 8.242946132e-10 2.678965568e-06 1.511640188e-06 2.571057954e-05 8.785654214e-06 -1.60172107e-06 8.604973553e-06
0 -0.1418666667 0 8.501138489e-10 9.033075663e-22 -3.377351696e-22 2.607196686e-05 9.301365427e-06 -1.65678435e-06 9.005890291e-06
0.07093333333 -0.1418666667 0 8.242946132e-10 -2.678965568e-06 -1.511640188e-06 2.571057954e-05 8.785654214e-06 -1.60172107e-06 8.604973553e-06
0.1418666667 -0.1418666667 0 8.111440672e-10 -5.156073004e-06 -2.530856281e-06 2.579593982e-05 7.600682046e-06 -1.443044793e-06 7.271209525e-06
-0.1418666667 -0.07093333333 0 9.754106353e-10 2.051771787e-06 1.082009531e-06 2.961351811e-05 9.012972149e-06 -7.345170922e-07 3.361024571e-06
-0.07093333333 -0.07093333333 0 1.087511025e-09 1.27599908e-06 7.045728815e-07 3.078665004e-05 1.100975346e-05 -8.143703245e-07 3.96115355e-06
0 -0.07093333333 0 1.137524367e-09 4.494263035e-22 -3.978542668e-22 3.133185858e-05 1.173669266e-05 -8.436037219e-07 4.168618813e-06
0.07093333333 -0.07093333333 0 1.087511025e-09 -1.27599908e-06 -7.045728815e-07 3.078665004e-05 1.100975346e-05 -8.143703245e-07 3.96115355e-06
0.1418666667 -0.07093333333 0 9.754106353e-10 -2.051771787e-06 -1.082009531e-06 2.961351811e-05 9.012972149e-06 -7.345170922e-07 3.361024571e-06
-0.1418666667 0 0 1.026808947e-09 7.073906927e-23 3.972870161e-22 3.062148224e-05 9.441068391e-06 -1.904382395e-22 4.130707306e-22
-0.07093333333 0 0 1.179469844e-09 9.726873679e-24 5.501777616e-22 3.228768252e-05 1.170364907e-05 -3.562390159e-22 4.107177997e-22
0 0 0 1.242426543e-09 4.151736518e-23 3.201160837e-22 3.295161381e-05 1.251469896e-05 -1.112879899e-22 3.577406797e-22
0.07093333333 0 0 1.179469844e-09 2.778993395e-23 1.934212954e-22 3.228768252e-05 1.170364907e-05 -1.952522305e-23 3.223474261e-22
0.1418666667 0 0 1.026808947e-09 -2.940244458e-23 -9.889201215e-24 3.062148224e-05 9.441068391e-06 1.28714841e-22 2.04026572e-22
-0.1418666667 0.07093333333 0 9.754106353e-10 -2.051771787e-06 -1.082009531e-06 2.961351811e-05 9.012972149e-06 7.345170922e-07 -3.361024571e-06
-0.07093333333 0.07093333333 0 1.087511025e-09 -1.27599908e-06 -7.045728815e-07 3.078665004e-05 1.100975346e-05 8.143703245e-07 -3.96115355e-06
0 0.07093333333 0 1.137524367e-09 -1.849018181e-22 8.48835937e-22 3.133185858e-05 1.173669266e-05 8.436037219e-07 -4.168618813e-06
0.07093333333 0.07093333333 0 1.087511025e-09 1.27599908e-06 7.045728815e-07 3.078665004e-05 1.100975346e-05 8.143703245e-07 -3.96115355e-06
0.1418666667 0.07093333333 0 9.754106353e-10 2.051771787e-06 1.082009531e-06 2.961351811e-05 9.012972149e-06 7.345170922e-07 -3.361024571e-06
-0.1418666667 0.1418666667 0 8.111440672e-10 -5.156073004e-06 -2.530856281e-06 2.579593982e-05 7.600682046e-06 1.443044793e-06 -7.271209525e-06
-0.07093333333 0.1418666667 0 8.242946132e-10 -2.678965568e-06 -1.511640188e-06 2.571057954e-05 8.785654214e-06 1.60172107e-06 -8.604973553e-06
0 0.1418666667 0 8.501138489e-10 -1.05368613e-22 1.2027066e-21 2.607196686e-05 9.301365427e-06 1.65678435e-06 -9.005890291e-06
0.07093333333 0.1418666667 0 8.242946132e-10 2.678965568e-06 1.511640188e-06 2.571057954e-05 8.785654214e-06 1.60172107e-06 -8.604973553e-06
0.1418666667 0.1418666667 0 8.111440672e-10 5.156073004e-06 2.530856281e-06 2.579593982e-05 7.600682046e-06 1.443044793e-06 -7.271209525e-06
-0.1418666667 -0.1418666667 0.07093333333 9.752171671e-10 4.686983996e-06 4.006627935e-06 2.201211903e-05 2.034758345e-05 -4.477860368e-06 4.311323516e-06
-0.07093333333 -0.1418666667 0.07093333333 9.963342782e-10 2.463654986e-06 2.151738693e-06 2.187693901e-05 2.130950335e-05 -5.048872391e-06 5.239102714e-06
0 -0.1418666667 0.07093333333 1.029589658e-09 2.869920554e-22 -2.81799771e-22 2.217205926e-05 2.191608261e-05 -5.229906158e-06 5.506618824e-06
0.07093333333 -0.1418666667 0.07093333333 9.963342782e-10 -2.463654986e-06 -2.151738693e-06 2.187693901e-05 2.130950335e-05 -5.048872391e-06 5.239102714e-06
0.1418666667 -0.1418666667 0.07093333333 9.752171671e-10 -4.686983996e-06 -4.006627935e-06 2.201211903e-05 2.034758345e-05 -4.477860368e-06 4.311323516e-06
-0.1418666667 -0.07093333333 0.07093333333 1.232759072e-09 1.910032974e-06 1.564159223e-06 2.488005049e-05 2.448294312e-05 -2.072252073e-06 1.984592501e-06
-0.07093333333 -0.07093333333 0.07093333333 1.390877997e-09 1.192831647e-06 9.828789983e-07 2.579001747e-05 2.668704251e-05 -2.289383695e-06 2.434046371e-06
0 -0.07093333333 0.07093333333 1.458795972e-09 3.011379842e-22 -2.709471418e-22 2.6227009e-05 2.754347001e-05 -2.370640099e-06 2.584046573e-06
0.07093333333 -0.07093333333 0.07093333333 1.390877997e-09 -1.192831647e-06 -9.828789983e-07 2.579001747e-05 2.668704251e-05 -2.289383695e-06 2.434046371e-06
0.1418666667 -0.07093333333 0.07093333333 1.232759072e-09 -1.910032974e-06 -1.564159223e-06 2.488005049e-05 2.448294312e-05 -2.072252073e-06 1.984592501e-06
-0.1418666667 0 0.07093333333 1.312653087e-09 -1.015987634e-22 3.042690329e-22 2.559035333e-05 2.564735665e-05 -1.587011069e-22 2.303065686e-22
-0.07093333333 0 0.07093333333 1.52410644e-09 9.47002349e-23 3.627984204e-22 2.691059384e-05 2.828296978e-05 -4.324967492e-22 1.395595117e-24
0 0 0.07093333333 1.609142876e-09 2.199643923e-22 1.821386214e-22 2.744431734e-05 2.925666287e-05 -3.628390757e-22 7.994468455e-23
0.07093333333 0 0.07093333333 1.52410644e-09 9.702702579e-23 1.887441735e-22 2.691059384e-05 2.828296978e-05 -2.611471315e-22 -9.534539211e-23
0.1418666667 0 0.07093333333 1.312653087e-09 2.070754926e-23 2.091863424e-24 2.559035333e-05 2.564735665e-05 -4.800348195e-23 -2.012641448e-22
-0.1418666667 0.07093333333 0.07093333333 1.232759072e-09 -1.910032974e-06 -1.564159223e-06 2.488005049e-05 2.448294312e-05 2.072252073e-06 -1.984592501e-06
-0.07093333333 0.07093333333 0.07093333333 1.390877997e-09 -1.192831647e-06 -9.828789983e-07 2.579001747e-05 2.668704251e-05 2.289383695e-06 -2.434046371e-06
0 0.07093333333 0.07093333333 1.458795972e-09 1.147870638e-22 1.171537612e-22 2.6227009e-05 2.754347001e-05 2.370640099e-06 -2.584046573e-06
0.07093333333 0.07093333333 0.07093333333 1.390877997e-09 1.192831647e-06 9.828789983e-07 2.579001747e-05 2.668704251e-05 2.289383695e-06 -2.434046371e-06
0.1418666667 0.07093333333 0.07093333333 1.232759072e-09 1.910032974e-06 1.564159223e-06 2.488005049e-05 2.448294312e-05 2.072252073e-06 -1.984592501e-06
-0.1418666667 0.1418666667 0.07093333333 9.752171671e-10 -4.686983996e-06 -4.006627935e-06 2.201211903e-05 2.034758345e-05 4.477860368e-06 -4.311323516e-06
-0.07093333333 0.1418666667 0.07093333333 9.963342782e-10 -2.463654986e-06 -2.151738693e-06 2.187693901e-05 2.130950335e-05 5.048872391e-06 -5.239102714e-06
0 0.1418666667 0.07093333333 1.029589658e-09 -6.483239752e-22 7.098306326e-22 2.217205926e-05 2.191608261e-05 5.229906158e-06 -5.506618824e-06
0.07093333333 0.1418666667 0.07093333333 9.963342782e-10 2.463654986e-06 2.151738693e-06 2.187693901e-05 2.130950335e-05 5.048872391e-06 -5.239102714e-06
0.1418666667 0.1418666667 0.07093333333 9.752171671e-10 4.686983996e-06 4.006627935e-06 2.201211903e-05 2.034758345e-05 4.477860368e-06 -4.311323516e-06
-0.1418666667 -0.1418666667 0.1418666667 1.200853541e-09 3.863156221e-06 4.692135209e-06 1.34091974e-05 3.084158941e-05 -5.61169382e-06 -1.188323225e-06
-0.07093333333 -0.1418666667 0.1418666667 1.223619057e-09 2.057008106e-06 2.375848036e-06 1.328587267e-05 3.159133643e-05 -6.180079052e-06 -1.011332332e-06
0 -0.1418666667 0.1418666667 1.260844021e-09 -1.940915626e-22 5.856697986e-23 1.346481938e-05 3.22131193e-05 -6.394495079e-06 -9.838892275e-07
0.07093333333 -0.1418666667 0.1418666667 1.223619057e-09 -2.057008106e-06 -2.375848036e-06 1.328587267e-05 3.159133643e-05 -6.180079052e-06 -1.011332332e-06
0.1418666667 -0.1418666667 0.1418666667 1.200853541e-09 -3.863156221e-06 -4.692135209e-06 1.34091974e-05 3.084158941e-05 -5.61169382e-06 -1.188323225e-06
-0.1418666667 -0.07093333333 0.1418666667 1.517305268e-09 1.74106481e-06 1.850444542e-06 1.395560666e-05 3.619279866e-05 -2.477711971e-06 -1.820091327e-07
-0.07093333333 -0.07093333333 0.1418666667 1.667349989e-09 1.049771991e-06 1.103285115e-06 1.433443046e-05 3.8113642e-05 -2.627462866e-06 3.956245505e-08
0 -0.07093333333 0.1418666667 1.73564968e-09 4.363493654e-22 -1.264760297e-22 1.455702453e-05 3.894042628e-05 -2.716343153e-06 8.600572709e-08
0.07093333333 -0.07093333333 0.1418666667 1.667349989e-09 -1.049771991e-06 -1.103285115e-06 1.433443046e-05 3.8113642e-05 -2.627462866e-06 3.956245505e-08
0.1418666667 -0.07093333333 0.1418666667 1.517305268e-09 -1.74106481e-06 -1.850444542e-06 1.395560666e-05 3.619279866e-05 -2.477711971e-06 -1.820091327e-07
-0.1418666667 0 0.1418666667 1.60782825e-09 -1.291114931e-22 6.147149358e-23 1.402081628e-05 3.756654045e-05 -1.745747731e-22 -2.092944853e-22
-0.07093333333 0 0.1418666667 1.807548604e-09 1.921601465e-23 1.313243359e-22 1.462310477e-05 3.99213403e-05 -2.845889321e-22 -2.817960348e-22
0 0 0.1418666667 1.891167527e-09 1.62919049e-22 4.668352704e-23 1.489475627e-05 4.085723635e-05 -3.446250121e-22 -2.119888609e-22
0.07093333333 0 0.1418666667 1.807548604e-09 7.445063093e-23 -7.148422093e-23 1.462310477e-05 3.99213403e-05 -2.766559493e-22 -2.342074367e-22
0.1418666667 0 0.1418666667 1.60782825e-09 -2.997263382e-23 -5.78369056e-23 1.402081628e-05 3.756654045e-05 -1.087560988e-22 -3.423652826e-22
-0.1418666667 0.07093333333 0.1418666667 1.517305268e-09 -1.74106481e-06 -1.850444542e-06 1.395560666e-05 3.619279866e-05 2.477711971e-06 1.820091327e-07
-0.07093333333 0.07093333333 0.1418666667 1.667349989e-09 -1.049771991e-06 -1.103285115e-06 1.433443046e-05 3.8113642e-05 2.627462866e-06 -3.956245505e-08
0 0.07093333333 0.1418666667 1.73564968e-09 4.994334098e-22 5.621937477e-23 1.455702453e-05 3.894042628e-05 2.716343153e-06 -8.600572709e-08
0.07093333333 0.07093333333 0.1418666667 1.667349989e-09 1.049771991e-06 1.103285115e-06 1.433443046e-05 3.8113642e-05 2.627462866e-06 -3.956245505e-08
0.1418666667 0.07093333333 0.1418666667 1.517305268e-09 1.74106481e-06 1.850444542e-06 1.395560666e-05 3.619279866e-05 2.477711971e-06 1.820091327e-07
-0.1418666667 0.1418666667 0.1418666667 1.200853541e-09 -3.863156221e-06 -4.692135209e-06 1.34091974e-05 3.084158941e-05 5.61169382e-06 1.188323225e-06
-0.07093333333 0.1418666667 0.1418666667 1.223619057e-09 -2.057008106e-06 -2.375848036e-06 1.328587267e-05 3.159133643e-05 6.180079052e-06 1.011332332e-06
0 0.1418666667 0.1418666667 1.260844021e-09 -2.105932246e-22 -3.351072417e-23 1.346481938e-05 3.22131193e-05 6.394495079e-06 9.838892275e-07
0.07093333333 0.1418666667 0.1418666667 1.223619057e-09 2.057008106e-06 2.375848036e-06 1.328587267e-05 3.159133643e-05 6.180079052e-06 1.011332332e-06
0.1418666667 0.1418666667 0.1418666667 1.200853541e-09 3.863156221e-06 4.692135209e-06 1.34091974e-05 3.084158941e-05 5.61169382e-06 1.188323225e-06
