x y z |F|^2 Fx Fy Fz
-22.25533333 -0.08866666667 -0.1773333333 2.969580042e-08 -3.488838597e-05 0.000165724385 -3.184382456e-05
-22.16666667 -0.08866666667 -0.1773333333 2.883797459e-08 -9.848792687e-08 0.0001684664913 -2.137770332e-05
-22.078 -0.08866666667 -0.1773333333 2.957168766e-08 3.461728509e-05 0.0001653445326 -3.216390472e-05
22.078 -0.08866666667 -0.1773333333 2.957168766e-08 -3.461728509e-05 0.0001653445326 -3.216390472e-05
22.16666667 -0.08866666667 -0.1773333333 2.883797459e-08 9.848792687e-08 0.0001684664913 -2.137770332e-05
22.25533333 -0.08866666667 -0.1773333333 2.969580042e-08 3.488838597e-05 0.000165724385 -3.184382456e-05
-22.25533333 0 -0.1773333333 4.141089625e-09 -2.562885884e-05 -2.027296251e-20 -5.902754628e-05
-22.16666667 0 -0.1773333333 2.778064502e-09 -1.470177085e-07 7.983914961e-21 -5.270714266e-05
-22.078 0 -0.1773333333 4.183483658e-09 2.537597588e-05 1.617621158e-21 -5.949406278e-05
22.078 0 -0.1773333333 4.183483658e-09 -2.537597588e-05 2.858736197e-21 -5.949406278e-05
22.16666667 0 -0.1773333333 2.778064502e-09 1.470177085e-07 2.615214225e-20 -5.270714266e-05
22.25533333 0 -0.1773333333 4.141089625e-09 2.562885884e-05 -2.81638455e-20 -5.902754628e-05
-22.25533333 0.08866666667 -0.1773333333 2.969580042e-08 -3.488838597e-05 -0.000165724385 -3.184382456e-05
-22.16666667 0.08866666667 -0.1773333333 2.883797459e-08 -9.848792687e-08 -0.0001684664913 -2.137770332e-05
-22.078 0.08866666667 -0.1773333333 2.957168766e-08 3.461728509e-05 -0.0001653445326 -3.216390472e-05
22.078 0.08866666667 -0.1773333333 2.957168766e-08 -3.461728509e-05 -0.0001653445326 -3.216390472e-05
22.16666667 0.08866666667 -0.1773333333 2.883797459e-08 9.848792687e-08 -0.0001684664913 -2.137770332e-05
22.25533333 0.08866666667 -0.1773333333 2.969580042e-08 3.488838597e-05 -0.000165724385 -3.184382456e-05
-22.25533333 -0.1773333333 -0.08866666667 2.701152093e-08 -5.956947862e-05 0.0001523045447 -1.63194302e-05
-22.16666667 -0.1773333333 -0.08866666667 2.811094675e-08 -1.958440111e-07 0.0001672963503 -1.108330126e-05
-22.078 -0.1773333333 -0.08866666667 2.654025903e-08 5.863449335e-05 0.0001511193757 -1.628464052e-05
22.078 -0.1773333333 -0.08866666667 2.654025903e-08 -5.863449335e-05 0.0001511193757 -1.628464052e-05
22.16666667 -0.1773333333 -0.08866666667 2.811094675e-08 1.958440111e-07 0.0001672963503 -1.108330126e-05
22.25533333 -0.1773333333 -0.08866666667 2.701152093e-08 5.956947862e-05 0.0001523045447 -1.63194302e-05
-22.344 -0.08866666667 -0.08866666667 1.675764593e-08 -2.3370318e-05 0.0001257725129 -1.981790014e-05
-22.25533333 -0.08866666667 -0.08866666667 1.682224617e-09 2.464740488e-05 2.333960398e-05 2.302157543e-05
-22.16666667 -0.08866666667 -0.08866666667 2.244951421e-09 -3.73181331e-07 3.361703452e-05 3.33872303e-05
-22.078 -0.08866666667 -0.08866666667 1.672833308e-09 -2.506388068e-05 2.303689978e-05 2.267016633e-05
-21.98933333 -0.08866666667 -0.08866666667 1.638512442e-08 2.297448182e-05 0.0001243385176 -1.993064556e-05
21.98933333 -0.08866666667 -0.08866666667 1.638512442e-08 -2.297448182e-05 0.0001243385176 -1.993064556e-05
22.078 -0.08866666667 -0.08866666667 1.672833308e-09 2.506388068e-05 2.303689978e-05 2.267016633e-05
22.16666667 -0.08866666667 -0.08866666667 2.244951421e-09 3.73181331e-07 3.361703452e-05 3.33872303e-05
22.25533333 -0.08866666667 -0.08866666667 1.682224617e-09 -2.464740488e-05 2.333960398e-05 2.302157543e-05
22.344 -0.08866666667 -0.08866666667 1.675764593e-08 2.3370318e-05 0.0001257725129 -1.981790014e-05
-22.344 0 -0.08866666667 7.540408392e-10 -6.450218324e-06 2.545708112e-20 -2.669148783e-05
-22.25533333 0 -0.08866666667 5.57561493e-10 1.650526585e-05 -5.439035645e-23 1.688602062e-05
-22.16666667 0 -0.08866666667 6.978351466e-10 -4.105887378e-07 -4.35072518e-20 2.641337849e-05
-22.078 0 -0.08866666667 5.638379072e-10 -1.703064581e-05 8.261447304e-20 1.654675227e-05
-21.98933333 0 -0.08866666667 7.679595659e-10 6.192149603e-06 2.808176398e-21 -2.701142072e-05
21.98933333 0 -0.08866666667 7.679595659e-10 -6.192149603e-06 -4.743384505e-20 -2.701142072e-05
22.078 0 -0.08866666667 5.638379072e-10 1.703064581e-05 -3.359015031e-20 1.654675227e-05
22.16666667 0 -0.08866666667 6.978351466e-10 4.105887378e-07 3.197549376e-20 2.641337849e-05
22.25533333 0 -0.08866666667 5.57561493e-10 -1.650526585e-05 3.241886257e-20 1.688602062e-05
22.344 0 -0.08866666667 7.540408392e-10 6.450218324e-06 -9.105604183e-21 -2.669148783e-05
-22.344 0.08866666667 -0.08866666667 1.675764593e-08 -2.3370318e-05 -0.0001257725129 -1.981790014e-05
-22.25533333 0.08866666667 -0.08866666667 1.682224617e-09 2.464740488e-05 -2.333960398e-05 2.302157543e-05
-22.16666667 0.08866666667 -0.08866666667 2.244951421e-09 -3.73181331e-07 -3.361703452e-05 3.33872303e-05
-22.078 0.08866666667 -0.08866666667 1.672833308e-09 -2.506388068e-05 -2.303689978e-05 2.267016633e-05
-21.98933333 0.08866666667 -0.08866666667 1.638512442e-08 2.297448182e-05 -0.0001243385176 -1.993064556e-05
21.98933333 0.08866666667 -0.08866666667 1.638512442e-08 -2.297448182e-05 -0.0001243385176 -1.993064556e-05
22.078 0.08866666667 -0.08866666667 1.672833308e-09 2.506388068e-05 -2.303689978e-05 2.267016633e-05
22.16666667 0.08866666667 -0.08866666667 2.244951421e-09 3.73181331e-07 -3.361703452e-05 3.33872303e-05
22.25533333 0.08866666667 -0.08866666667 1.682224617e-09 -2.464740488e-05 -2.333960398e-05 2.302157543e-05
22.344 0.08866666667 -0.08866666667 1.675764593e-08 2.3370318e-05 -0.0001257725129 -1.981790014e-05
-22.25533333 0.1773333333 -0.08866666667 2.701152093e-08 -5.956947862e-05 -0.0001523045447 -1.63194302e-05
-22.16666667 0.1773333333 -0.08866666667 2.811094675e-08 -1.958440111e-07 -0.0001672963503 -1.108330126e-05
-22.078 0.1773333333 -0.08866666667 2.654025903e-08 5.863449335e-05 -0.0001511193757 -1.628464052e-05
22.078 0.1773333333 -0.08866666667 2.654025903e-08 -5.863449335e-05 -0.0001511193757 -1.628464052e-05
22.16666667 0.1773333333 -0.08866666667 2.811094675e-08 1.958440111e-07 -0.0001672963503 -1.108330126e-05
22.25533333 0.1773333333 -0.08866666667 2.701152093e-08 5.956947862e-05 -0.0001523045447 -1.63194302e-05
-22.25533333 -0.1773333333 0 3.746384127e-08 -7.011938842e-05 0.000177810485 3.050482018e-05
-22.16666667 -0.1773333333 0 4.500861392e-08 -2.074907328e-07 0.0002098451517 3.120229449e-05
-22.078 -0.1773333333 0 3.67620715e-08 6.902965077e-05 0.0001762553773 3.051263343e-05
22.078 -0.1773333333 0 3.67620715e-08 -6.902965077e-05 0.0001762553773 3.051263343e-05
22.16666667 -0.1773333333 0 4.500861392e-08 2.074907328e-07 0.0002098451517 3.120229449e-05
22.25533333 -0.1773333333 0 3.746384127e-08 7.011938842e-05 0.000177810485 3.050482018e-05
-22.344 -0.08866666667 0 1.968840486e-08 -1.011266021e-05 0.000138204211 2.203939678e-05
-22.25533333 -0.08866666667 0 8.951650697e-09 4.905365494e-05 6.263488056e-05 5.120802057e-05
-22.16666667 -0.08866666667 0 1.133174801e-08 -4.708979718e-07 8.618498768e-05 6.247938989e-05
-22.078 -0.08866666667 0 8.955293226e-09 -4.955865148e-05 6.223176618e-05 5.12488104e-05
-21.98933333 -0.08866666667 0 1.916513732e-08 9.686499915e-06 0.000136325832 2.205848092e-05
21.98933333 -0.08866666667 0 1.916513732e-08 -9.686499915e-06 0.000136325832 2.205848092e-05
22.078 -0.08866666667 0 8.955293226e-09 4.955865148e-05 6.223176618e-05 5.12488104e-05
22.16666667 -0.08866666667 0 1.133174801e-08 4.708979718e-07 8.618498768e-05 6.247938989e-05
22.25533333 -0.08866666667 0 8.951650697e-09 -4.905365494e-05 6.263488056e-05 5.120802057e-05
22.344 -0.08866666667 0 1.968840486e-08 1.011266021e-05 0.000138204211 2.203939678e-05
-22.344 0 0 1.496789639e-09 2.349926013e-05 -3.124478793e-20 3.073392934e-05
-22.25533333 0 0 4.843309919e-09 3.819094744e-05 2.575365768e-20 5.817870274e-05
-22.16666667 0 0 4.816594931e-09 -5.091631966e-07 1.673409127e-19 6.939982481e-05
-22.078 0 0 4.899499401e-09 -3.884857724e-05 -6.922845799e-21 5.822617493e-05
-21.98933333 0 0 1.515359383e-09 -2.382303652e-05 -4.246549456e-20 3.078672302e-05
21.98933333 0 0 1.515359383e-09 2.382303652e-05 -2.64697796e-21 3.078672302e-05
22.078 0 0 4.899499401e-09 3.884857724e-05 3.843411998e-20 5.822617493e-05
22.16666667 0 0 4.816594931e-09 5.091631966e-07 2.795208726e-20 6.939982481e-05
22.25533333 0 0 4.843309919e-09 -3.819094744e-05 -2.4140439e-20 5.817870274e-05
22.344 0 0 1.496789639e-09 -2.349926013e-05 2.096406544e-20 3.073392934e-05
-22.344 0.08866666667 0 1.968840486e-08 -1.011266021e-05 -0.000138204211 2.203939678e-05
-22.25533333 0.08866666667 0 8.951650697e-09 4.905365494e-05 -6.263488056e-05 5.120802057e-05
-22.16666667 0.08866666667 0 1.133174801e-08 -4.708979718e-07 -8.618498768e-05 6.247938989e-05
-22.078 0.08866666667 0 8.955293226e-09 -4.955865148e-05 -6.223176618e-05 5.12488104e-05
-21.98933333 0.08866666667 0 1.916513732e-08 9.686499915e-06 -0.000136325832 2.205848092e-05
21.98933333 0.08866666667 0 1.916513732e-08 -9.686499915e-06 -0.000136325832 2.205848092e-05
22.078 0.08866666667 0 8.955293226e-09 4.955865148e-05 -6.223176618e-05 5.12488104e-05
22.16666667 0.08866666667 0 1.133174801e-08 4.708979718e-07 -8.618498768e-05 6.247938989e-05
22.25533333 0.08866666667 0 8.951650697e-09 -4.905365494e-05 -6.263488056e-05 5.120802057e-05
22.344 0.08866666667 0 1.968840486e-08 1.011266021e-05 -0.000138204211 2.203939678e-05
-22.25533333 0.1773333333 0 3.746384127e-08 -7.011938842e-05 -0.000177810485 3.050482018e-05
-22.16666667 0.1773333333 0 4.500861392e-08 -2.074907328e-07 -0.0002098451517 3.120229449e-05
-22.078 0.1773333333 0 3.67620715e-08 6.902965077e-05 -0.0001762553773 3.051263343e-05
22.078 0.1773333333 0 3.67620715e-08 -6.902965077e-05 -0.0001762553773 3.051263343e-05
22.16666667 0.1773333333 0 4.500861392e-08 2.074907328e-07 -0.0002098451517 3.120229449e-05
22.25533333 0.1773333333 0 3.746384127e-08 7.011938842e-05 -0.000177810485 3.050482018e-05
-22.25533333 -0.1773333333 0.08866666667 1.153236733e-07 -8.405902677e-05 0.0002982444538 0.0001389532265
-22.16666667 -0.1773333333 0.08866666667 1.503714589e-07 -1.535161714e-07 0.0003594241249 0.0001455531994
-22.078 -0.1773333333 0.08866666667 1.145882071e-07 8.321561296e-05 0.0002972188795 0.0001390118937
22.078 -0.1773333333 0.08866666667 1.145882071e-07 -8.321561296e-05 0.0002972188795 0.0001390118937
22.16666667 -0.1773333333 0.08866666667 1.503714589e-07 1.535161714e-07 0.0003594241249 0.0001455531994
22.25533333 -0.1773333333 0.08866666667 1.153236733e-07 8.405902677e-05 0.0002982444538 0.0001389532265
-22.344 -0.08866666667 0.08866666667 4.667291916e-08 -9.333336227e-06 0.0002027512341 7.401179015e-05
-22.25533333 -0.08866666667 0.08866666667 1.157075365e-08 6.387366185e-05 8.404079123e-05 2.068947513e-05
-22.16666667 -0.08866666667 0.08866666667 1.224211247e-08 -3.337187628e-07 0.0001095712271 1.536708445e-05
-22.078 -0.08866666667 0.08866666667 1.159380587e-08 -6.426535186e-05 8.37733533e-05 2.111387457e-05
-21.98933333 -0.08866666667 0.08866666667 4.618309012e-08 8.952216495e-06 0.0002014809701 7.421837133e-05
21.98933333 -0.08866666667 0.08866666667 4.618309012e-08 -8.952216495e-06 0.0002014809701 7.421837133e-05
22.078 -0.08866666667 0.08866666667 1.159380587e-08 6.426535186e-05 8.37733533e-05 2.111387457e-05
22.16666667 -0.08866666667 0.08866666667 1.224211247e-08 3.337187628e-07 0.0001095712271 1.536708445e-05
22.25533333 -0.08866666667 0.08866666667 1.157075365e-08 -6.387366185e-05 8.404079123e-05 2.068947513e-05
22.344 -0.08866666667 0.08866666667 4.667291916e-08 9.333336227e-06 0.0002027512341 7.401179015e-05
-22.344 0 0.08866666667 6.530004876e-09 3.638288133e-05 -1.283255137e-19 7.215463133e-05
-22.25533333 0 0.08866666667 4.844892011e-09 5.393482201e-05 -6.025241905e-20 4.399917028e-05
-22.16666667 0 0.08866666667 2.217744902e-09 -3.712169001e-07 -6.953109946e-20 4.709147587e-05
-22.078 0 0.08866666667 4.934771715e-09 -5.442055609e-05 3.146213772e-20 4.442043212e-05
-21.98933333 0 0.08866666667 6.61682521e-09 -3.665794746e-05 2.835010331e-20 7.261556374e-05
21.98933333 0 0.08866666667 6.61682521e-09 3.665794746e-05 2.265813134e-20 7.261556374e-05
22.078 0 0.08866666667 4.934771715e-09 5.442055609e-05 3.938703205e-20 4.442043212e-05
22.16666667 0 0.08866666667 2.217744902e-09 3.712169001e-07 -3.04931861e-20 4.709147587e-05
22.25533333 0 0.08866666667 4.844892011e-09 -5.393482201e-05 -3.388131789e-21 4.399917028e-05
22.344 0 0.08866666667 6.530004876e-09 -3.638288133e-05 2.371692252e-20 7.215463133e-05
-22.344 0.08866666667 0.08866666667 4.667291916e-08 -9.333336227e-06 -0.0002027512341 7.401179015e-05
-22.25533333 0.08866666667 0.08866666667 1.157075365e-08 6.387366185e-05 -8.404079123e-05 2.068947513e-05
-22.16666667 0.08866666667 0.08866666667 1.224211247e-08 -3.337187628e-07 -0.0001095712271 1.536708445e-05
-22.078 0.08866666667 0.08866666667 1.159380587e-08 -6.426535186e-05 -8.37733533e-05 2.111387457e-05
-21.98933333 0.08866666667 0.08866666667 4.618309012e-08 8.952216495e-06 -0.0002014809701 7.421837133e-05
21.98933333 0.08866666667 0.08866666667 4.618309012e-08 -8.952216495e-06 -0.0002014809701 7.421837133e-05
22.078 0.08866666667 0.08866666667 1.159380587e-08 6.426535186e-05 -8.37733533e-05 2.111387457e-05
22.16666667 0.08866666667 0.08866666667 1.224211247e-08 3.337187628e-07 -0.0001095712271 1.536708445e-05
22.25533333 0.08866666667 0.08866666667 1.157075365e-08 -6.387366185e-05 -8.404079123e-05 2.068947513e-05
22.344 0.08866666667 0.08866666667 4.667291916e-08 9.333336227e-06 -0.0002027512341 7.401179015e-05
-22.25533333 0.1773333333 0.08866666667 1.153236733e-07 -8.405902677e-05 -0.0002982444538 0.0001389532265
-22.16666667 0.1773333333 0.08866666667 1.503714589e-07 -1.535161714e-07 -0.0003594241249 0.0001455531994
-22.078 0.1773333333 0.08866666667 1.145882071e-07 8.321561296e-05 -0.0002972188795 0.0001390118937
22.078 0.1773333333 0.08866666667 1.145882071e-07 -8.321561296e-05 -0.0002972188795 0.0001390118937
22.16666667 0.1773333333 0.08866666667 1.503714589e-07 1.535161714e-07 -0.0003594241249 0.0001455531994
22.25533333 0.1773333333 0.08866666667 1.153236733e-07 8.405902677e-05 -0.0002982444538 0.0001389532265
-22.25533333 -0.08866666667 0.1773333333 1.18399982e-07 -4.115566114e-05 0.0003341910449 7.086987433e-05
-22.16666667 -0.08866666667 0.1773333333 1.541329371e-07 -3.706347096e-08 0.0003881335421 5.903633817e-05
-22.078 -0.08866666667 0.1773333333 1.183333617e-07 4.100978495e-05 0.0003340260893 7.126100546e-05
22.078 -0.08866666667 0.1773333333 1.183333617e-07 -4.100978495e-05 0.0003340260893 7.126100546e-05
22.16666667 -0.08866666667 0.1773333333 1.541329371e-07 3.706347096e-08 0.0003881335421 5.903633817e-05
22.25533333 -0.08866666667 0.1773333333 1.18399982e-07 4.115566114e-05 0.0003341910449 7.086987433e-05
-22.25533333 0 0.1773333333 3.284591865e-09 -8.127217494e-07 5.193863835e-21 5.730559613e-05
-22.16666667 0 0.1773333333 2.512366983e-09 -7.846000068e-08 -3.494795437e-20 5.012345585e-05
-22.078 0 0.1773333333 3.349707176e-09 6.730031546e-07 3.871905785e-20 5.78727418e-05
22.078 0 0.1773333333 3.349707176e-09 -6.730031546e-07 -2.456395547e-20 5.78727418e-05
22.16666667 0 0.1773333333 2.512366983e-09 7.846000068e-08 1.016439537e-20 5.012345585e-05
22.25533333 0 0.1773333333 3.284591865e-09 8.127217494e-07 5.421010862e-20 5.730559613e-05
-22.25533333 0.08866666667 0.1773333333 1.18399982e-07 -4.115566114e-05 -0.0003341910449 7.086987433e-05
-22.16666667 0.08866666667 0.1773333333 1.541329371e-07 -3.706347096e-08 -0.0003881335421 5.903633817e-05
-22.078 0.08866666667 0.1773333333 1.183333617e-07 4.100978495e-05 -0.0003340260893 7.126100546e-05
22.078 0.08866666667 0.1773333333 1.183333617e-07 -4.100978495e-05 -0.0003340260893 7.126100546e-05
22.16666667 0.08866666667 0.1773333333 1.541329371e-07 3.706347096e-08 -0.0003881335421 5.903633817e-05
22.25533333 0.08866666667 0.1773333333 1.18399982e-07 4.115566114e-05 -0.0003341910449 7.086987433e-05
