x y z |F|^2 Fx Fy Fz
-17.4 -1.2 -1.2 4.445873439e-05 0.006174386658 -0.002062256465 -0.001443184694
-16.8 -1.2 -1.2 8.378234829e-06 0.002076711379 -0.001070368705 -0.001708746767
-16.2 -1.2 -1.2 4.522098106e-06 -1.379985913e-05 -0.0009586879126 -0.001898110944
-15.6 -1.2 -1.2 8.378584267e-06 -0.002095373009 -0.001067641851 -0.001687642467
-15 -1.2 -1.2 4.417196443e-05 -0.006160572509 -0.002056446894 -0.001410793026
15 -1.2 -1.2 4.417196443e-05 0.006160572509 -0.002056446894 -0.001410793026
15.6 -1.2 -1.2 8.378584267e-06 0.002095373009 -0.001067641851 -0.001687642467
16.2 -1.2 -1.2 4.522098106e-06 1.379985913e-05 -0.0009586879126 -0.001898110944
16.8 -1.2 -1.2 8.378234829e-06 -0.002076711379 -0.001070368705 -0.001708746767
17.4 -1.2 -1.2 4.445873439e-05 -0.006174386658 -0.002062256465 -0.001443184694
-17.4 -0.6 -1.2 4.270301427e-05 0.00645206993 -0.0002194448961 -0.001012744698
-16.8 -0.6 -1.2 8.610180541e-06 0.002658154446 -1.867751123e-06 -0.001242735689
-16.2 -0.6 -1.2 2.163860204e-06 -1.309553301e-05 9.279201188e-05 -0.001468018513
-15.6 -0.6 -1.2 8.643239494e-06 -0.002675430547 -6.988127116e-07 -0.001218733109
-15 -0.6 -1.2 4.246035181e-05 -0.006438941328 -0.0002182830419 -0.0009760834475
15 -0.6 -1.2 4.246035181e-05 0.006438941328 -0.0002182830419 -0.0009760834475
15.6 -0.6 -1.2 8.643239494e-06 0.002675430547 -6.988127116e-07 -0.001218733109
16.2 -0.6 -1.2 2.163860204e-06 1.309553301e-05 9.279201188e-05 -0.001468018513
16.8 -0.6 -1.2 8.610180541e-06 -0.002658154446 -1.867751123e-06 -0.001242735689
17.4 -0.6 -1.2 4.270301427e-05 -0.00645206993 -0.0002194448961 -0.001012744698
-17.4 0 -1.2 4.141688664e-05 0.006375986901 -3.533161366e-19 -0.0008738865378
-16.8 0 -1.2 8.728473875e-06 0.002743569027 3.400543634e-19 -0.00109603963
-16.2 0 -1.2 1.750698531e-06 -1.240707657e-05 3.160119453e-19 -0.001323081477
-15.6 0 -1.2 8.76369972e-06 -0.002759875347 -5.243435864e-19 -0.001070881781
-15 0 -1.2 4.118706371e-05 -0.006363091281 5.841950668e-19 -0.0008355435717
15 0 -1.2 4.118706371e-05 0.006363091281 -4.828087799e-20 -0.0008355435717
15.6 0 -1.2 8.76369972e-06 0.002759875347 -3.938703205e-19 -0.001070881781
16.2 0 -1.2 1.750698531e-06 1.240707657e-05 -9.656175599e-20 -0.001323081477
16.8 0 -1.2 8.728473875e-06 -0.002743569027 -4.641740551e-19 -0.00109603963
17.4 0 -1.2 4.141688664e-05 -0.006375986901 2.617331807e-19 -0.0008738865378
-17.4 0.6 -1.2 4.270301427e-05 0.00645206993 0.0002194448961 -0.001012744698
-16.8 0.6 -1.2 8.610180541e-06 0.002658154446 1.867751123e-06 -0.001242735689
-16.2 0.6 -1.2 2.163860204e-06 -1.309553301e-05 -9.279201188e-05 -0.001468018513
-15.6 0.6 -1.2 8.643239494e-06 -0.002675430547 6.988127116e-07 -0.001218733109
-15 0.6 -1.2 4.246035181e-05 -0.006438941328 0.0002182830419 -0.0009760834475
15 0.6 -1.2 4.246035181e-05 0.006438941328 0.0002182830419 -0.0009760834475
15.6 0.6 -1.2 8.643239494e-06 0.002675430547 6.988127116e-07 -0.001218733109
16.2 0.6 -1.2 2.163860204e-06 1.309553301e-05 -9.279201188e-05 -0.001468018513
16.8 0.6 -1.2 8.610180541e-06 -0.002658154446 1.867751123e-06 -0.001242735689
17.4 0.6 -1.2 4.270301427e-05 -0.00645206993 0.0002194448961 -0.001012744698
-17.4 1.2 -1.2 4.445873439e-05 0.006174386658 0.002062256465 -0.001443184694
-16.8 1.2 -1.2 8.378234829e-06 0.002076711379 0.001070368705 -0.001708746767
-16.2 1.2 -1.2 4.522098106e-06 -1.379985913e-05 0.0009586879126 -0.001898110944
-15.6 1.2 -1.2 8.378584267e-06 -0.002095373009 0.001067641851 -0.001687642467
-15 1.2 -1.2 4.417196443e-05 -0.006160572509 0.002056446894 -0.001410793026
15 1.2 -1.2 4.417196443e-05 0.006160572509 0.002056446894 -0.001410793026
15.6 1.2 -1.2 8.378584267e-06 0.002095373009 0.001067641851 -0.001687642467
16.2 1.2 -1.2 4.522098106e-06 1.379985913e-05 0.0009586879126 -0.001898110944
16.8 1.2 -1.2 8.378234829e-06 -0.002076711379 0.001070368705 -0.001708746767
17.4 1.2 -1.2 4.445873439e-05 -0.006174386658 0.002062256465 -0.001443184694
-17.4 -1.2 -0.6 2.890163878e-05 0.004980849976 -0.001902156581 0.0006888923235
-16.8 -1.2 -0.6 3.431570426e-06 0.001756438947 -0.0003798138706 0.000449704429
-16.2 -1.2 -0.6 2.091672808e-07 7.246865486e-06 -0.000211154123 0.0004056213752
-15.6 -1.2 -0.6 3.395919661e-06 -0.001743759547 -0.0003768240903 0.0004617639097
-15 -1.2 -0.6 2.885306891e-05 -0.004974974705 -0.00189949561 0.0007032865862
15 -1.2 -0.6 2.885306891e-05 0.004974974705 -0.00189949561 0.0007032865862
15.6 -1.2 -0.6 3.395919661e-06 0.001743759547 -0.0003768240903 0.0004617639097
16.2 -1.2 -0.6 2.091672808e-07 -7.246865486e-06 -0.000211154123 0.0004056213752
16.8 -1.2 -0.6 3.431570426e-06 -0.001756438947 -0.0003798138706 0.000449704429
17.4 -1.2 -0.6 2.890163878e-05 -0.004980849976 -0.001902156581 0.0006888923235
-17.4 -0.6 -0.6 3.899389036e-05 0.006155360296 -0.0001525601609 0.001040266981
-16.8 -0.6 -0.6 9.139422073e-06 0.002861097202 0.0003108792831 0.0009256883637
-16.2 -0.6 -0.6 1.062192064e-06 1.179546895e-05 0.0004698567191 0.0009172173106
-15.6 -0.6 -0.6 9.062087356e-06 -0.002842544263 0.0003137822606 0.0009399841281
-15 -0.6 -0.6 3.89777886e-05 -0.006151315615 -0.0001492872804 0.001056796159
15 -0.6 -0.6 3.89777886e-05 0.006151315615 -0.0001492872804 0.001056796159
15.6 -0.6 -0.6 9.062087356e-06 0.002842544263 0.0003137822606 0.0009399841281
16.2 -0.6 -0.6 1.062192064e-06 -1.179546895e-05 0.0004698567191 0.0009172173106
16.8 -0.6 -0.6 9.139422073e-06 -0.002861097202 0.0003108792831 0.0009256883637
17.4 -0.6 -0.6 3.899389036e-05 -0.006155360296 -0.0001525601609 0.001040266981
-17.4 0 -0.6 4.144200147e-05 0.006332039207 -1.636597521e-19 0.001160724322
-16.8 0 -0.6 1.094777501e-05 0.003120899885 3.596333149e-20 0.001098980853
-16.2 0 -0.6 1.229244991e-06 1.346155597e-05 6.65738118e-19 0.001108631489
-15.6 0 -0.6 1.085242178e-05 -0.003100195799 -1.590823414e-20 0.001114095055
-15 0 -0.6 4.143700212e-05 -0.00632843418 -1.924477054e-20 0.001178101418
15 0 -0.6 4.143700212e-05 0.00632843418 5.886878983e-20 0.001178101418
15.6 0 -0.6 1.085242178e-05 0.003100195799 -2.066760391e-19 0.001114095055
16.2 0 -0.6 1.229244991e-06 -1.346155597e-05 -8.258571236e-20 0.001108631489
16.8 0 -0.6 1.094777501e-05 -0.003120899885 -4.099639465e-19 0.001098980853
17.4 0 -0.6 4.144200147e-05 -0.006332039207 3.04931861e-20 0.001160724322
-17.4 0.6 -0.6 3.899389036e-05 0.006155360296 0.0001525601609 0.001040266981
-16.8 0.6 -0.6 9.139422073e-06 0.002861097202 -0.0003108792831 0.0009256883637
-16.2 0.6 -0.6 1.062192064e-06 1.179546895e-05 -0.0004698567191 0.0009172173106
-15.6 0.6 -0.6 9.062087356e-06 -0.002842544263 -0.0003137822606 0.0009399841281
-15 0.6 -0.6 3.89777886e-05 -0.006151315615 0.0001492872804 0.001056796159
15 0.6 -0.6 3.89777886e-05 0.006151315615 0.0001492872804 0.001056796159
15.6 0.6 -0.6 9.062087356e-06 0.002842544263 -0.0003137822606 0.0009399841281
16.2 0.6 -0.6 1.062192064e-06 -1.179546895e-05 -0.0004698567191 0.0009172173106
16.8 0.6 -0.6 9.139422073e-06 -0.002861097202 -0.0003108792831 0.0009256883637
17.4 0.6 -0.6 3.899389036e-05 -0.006155360296 0.0001525601609 0.001040266981
-17.4 1.2 -0.6 2.890163878e-05 0.004980849976 0.001902156581 0.0006888923235
-16.8 1.2 -0.6 3.431570426e-06 0.001756438947 0.0003798138706 0.000449704429
-16.2 1.2 -0.6 2.091672808e-07 7.246865486e-06 0.000211154123 0.0004056213752
-15.6 1.2 -0.6 3.395919661e-06 -0.001743759547 0.0003768240903 0.0004617639097
-15 1.2 -0.6 2.885306891e-05 -0.004974974705 0.00189949561 0.0007032865862
15 1.2 -0.6 2.885306891e-05 0.004974974705 0.00189949561 0.0007032865862
15.6 1.2 -0.6 3.395919661e-06 0.001743759547 0.0003768240903 0.0004617639097
16.2 1.2 -0.6 2.091672808e-07 -7.246865486e-06 0.000211154123 0.0004056213752
16.8 1.2 -0.6 3.431570426e-06 -0.001756438947 0.0003798138706 0.000449704429
17.4 1.2 -0.6 2.890163878e-05 -0.004980849976 0.001902156581 0.0006888923235
-17.4 -1.2 0 4.042239454e-05 0.005977140689 -0.00204192227 0.0007257666055
-16.8 -1.2 0 6.455968291e-06 0.002206615111 8.64324913e-05 0.001256720919
-16.2 -1.2 0 2.132117532e-06 2.021643493e-05 0.0003469003966 0.001418227395
-15.6 -1.2 0 6.31638053e-06 -0.002175205962 8.964070327e-05 0.001255716567
-15 -1.2 0 4.042079768e-05 -0.005977481596 -0.002041857831 0.0007220304983
15 -1.2 0 4.042079768e-05 0.005977481596 -0.002041857831 0.0007220304983
15.6 -1.2 0 6.31638053e-06 0.002175205962 8.964070327e-05 0.001255716567
16.2 -1.2 0 2.132117532e-06 -2.021643493e-05 0.0003469003966 0.001418227395
16.8 -1.2 0 6.455968291e-06 -0.002206615111 8.64324913e-05 0.001256720919
17.4 -1.2 0 4.042239454e-05 -0.005977140689 -0.00204192227 0.0007257666055
-17.4 -0.6 0 6.808245019e-05 0.008211849828 -0.0001043808498 0.0007981711762
-16.8 -0.6 0 1.897297101e-05 0.003973834541 0.0006427366936 0.001663880884
-16.2 -0.6 0 4.47599949e-06 2.746421252e-05 0.0008845844958 0.001921654359
-15.6 -0.6 0 1.865502605e-05 -0.003933619405 0.0006471927372 0.001662169061
-15 -0.6 0 6.811893625e-05 -0.008214621077 -9.899159034e-05 0.0007931818684
15 -0.6 0 6.811893625e-05 0.008214621077 -9.899159034e-05 0.0007931818684
15.6 -0.6 0 1.865502605e-05 0.003933619405 0.0006471927372 0.001662169061
16.2 -0.6 0 4.47599949e-06 -2.746421252e-05 0.0008845844958 0.001921654359
16.8 -0.6 0 1.897297101e-05 -0.003973834541 0.0006427366936 0.001663880884
17.4 -0.6 0 6.808245019e-05 -0.008211849828 -0.0001043808498 0.0007981711762
-17.4 0 0 7.618257711e-05 0.008687586551 -4.339728638e-19 0.0008416751275
-16.8 0 0 2.307626076e-05 0.004448575287 4.231483783e-20 0.00181285374
-16.2 0 0 4.438446307e-06 2.959402696e-05 -1.412354027e-19 0.002106554177
-15.6 0 0 2.268971539e-05 -0.004405736108 -4.526679728e-19 0.00181085746
-15 0 0 7.623103028e-05 -0.008690915384 -1.0424006e-18 0.0008360741971
15 0 0 7.623103028e-05 0.008690915384 -1.524659305e-19 0.0008360741971
15.6 0 0 2.268971539e-05 0.004405736108 6.437450399e-19 0.00181085746
16.2 0 0 4.438446307e-06 -2.959402696e-05 2.778268067e-19 0.002106554177
16.8 0 0 2.307626076e-05 -0.004448575287 -1.050320855e-19 0.00181285374
17.4 0 0 7.618257711e-05 -0.008687586551 3.015437292e-19 0.0008416751275
-17.4 0.6 0 6.808245019e-05 0.008211849828 0.0001043808498 0.0007981711762
-16.8 0.6 0 1.897297101e-05 0.003973834541 -0.0006427366936 0.001663880884
-16.2 0.6 0 4.47599949e-06 2.746421252e-05 -0.0008845844958 0.001921654359
-15.6 0.6 0 1.865502605e-05 -0.003933619405 -0.0006471927372 0.001662169061
-15 0.6 0 6.811893625e-05 -0.008214621077 9.899159034e-05 0.0007931818684
15 0.6 0 6.811893625e-05 0.008214621077 9.899159034e-05 0.0007931818684
15.6 0.6 0 1.865502605e-05 0.003933619405 -0.0006471927372 0.001662169061
16.2 0.6 0 4.47599949e-06 -2.746421252e-05 -0.0008845844958 0.001921654359
16.8 0.6 0 1.897297101e-05 -0.003973834541 -0.0006427366936 0.001663880884
17.4 0.6 0 6.808245019e-05 -0.008211849828 0.0001043808498 0.0007981711762
-17.4 1.2 0 4.042239454e-05 0.005977140689 0.00204192227 0.0007257666055
-16.8 1.2 0 6.455968291e-06 0.002206615111 -8.64324913e-05 0.001256720919
-16.2 1.2 0 2.132117532e-06 2.021643493e-05 -0.0003469003966 0.001418227395
-15.6 1.2 0 6.31638053e-06 -0.002175205962 -8.964070327e-05 0.001255716567
-15 1.2 0 4.042079768e-05 -0.005977481596 0.002041857831 0.0007220304983
15 1.2 0 4.042079768e-05 0.005977481596 0.002041857831 0.0007220304983
15.6 1.2 0 6.31638053e-06 0.002175205962 -8.964070327e-05 0.001255716567
16.2 1.2 0 2.132117532e-06 -2.021643493e-05 -0.0003469003966 0.001418227395
16.8 1.2 0 6.455968291e-06 -0.002206615111 -8.64324913e-05 0.001256720919
17.4 1.2 0 4.042239454e-05 -0.005977140689 0.00204192227 0.0007257666055
-17.4 -1.2 0.6 7.719817072e-05 0.008419592347 -0.002387735527 0.000779329505
-16.8 -1.2 0.6 1.275744949e-05 0.003259233363 0.0002506800334 0.001439446735
-16.2 -1.2 0.6 2.908242378e-06 2.26860637e-05 0.0005738944039 0.001605731277
-15.6 -1.2 0.6 1.248735434e-05 -0.003224181211 0.0002536576402 0.00142396196
-15 -1.2 0.6 7.724032785e-05 -0.008424330655 -0.002388063225 0.0007537472403
15 -1.2 0.6 7.724032785e-05 0.008424330655 -0.002388063225 0.0007537472403
15.6 -1.2 0.6 1.248735434e-05 0.003224181211 0.0002536576402 0.00142396196
16.2 -1.2 0.6 2.908242378e-06 -2.26860637e-05 0.0005738944039 0.001605731277
16.8 -1.2 0.6 1.275744949e-05 -0.003259233363 0.0002506800334 0.001439446735
17.4 -1.2 0.6 7.719817072e-05 -0.008419592347 -0.002387735527 0.000779329505
-17.4 -0.6 0.6 0.0001327796288 0.01150636368 -7.236310057e-05 0.0006148066331
-16.8 -0.6 0.6 3.399260108e-05 0.005546229941 0.0008697155391 0.001573381518
-16.2 -0.6 0.6 4.645516972e-06 3.057962689e-05 0.001170927933 0.001809284288
-15.6 -0.6 0.6 3.34468031e-05 -0.005501103936 0.0008750319307 0.001555306305
-15 -0.6 0.6 0.0001328517494 -0.01151102451 -6.501066033e-05 0.0005863768761
15 -0.6 0.6 0.0001328517494 0.01151102451 -6.501066033e-05 0.0005863768761
15.6 -0.6 0.6 3.34468031e-05 0.005501103936 0.0008750319307 0.001555306305
16.2 -0.6 0.6 4.645516972e-06 -3.057962689e-05 0.001170927933 0.001809284288
16.8 -0.6 0.6 3.399260108e-05 -0.005546229941 0.0008697155391 0.001573381518
17.4 -0.6 0.6 0.0001327796288 -0.01150636368 -7.236310057e-05 0.0006148066331
-17.4 0 0.6 0.000149146845 0.01219821215 -9.029400169e-20 0.0005920011617
-16.8 0 0.6 4.065271488e-05 0.006166008051 -3.571760715e-19 0.001622670515
-16.2 0 0.6 3.535276765e-06 3.245080549e-05 3.689639122e-21 0.001879953114
-15.6 0 0.6 4.000723919e-05 -0.006118499349 5.700581366e-19 0.001603497712
-15 0 0.6 0.0001492287322 -0.01220298376 -4.338223169e-19 0.0005620671283
15 0 0.6 0.0001492287322 0.01220298376 1.209563049e-18 0.0005620671283
15.6 0 0.6 4.000723919e-05 0.006118499349 -6.505213035e-19 0.001603497712
16.2 0 0.6 3.535276765e-06 -3.245080549e-05 9.893344824e-19 0.001879953114
16.8 0 0.6 4.065271488e-05 -0.006166008051 1.172293599e-18 0.001622670515
17.4 0 0.6 0.000149146845 -0.01219821215 7.047314121e-19 0.0005920011617
-17.4 0.6 0.6 0.0001327796288 0.01150636368 7.236310057e-05 0.0006148066331
-16.8 0.6 0.6 3.399260108e-05 0.005546229941 -0.0008697155391 0.001573381518
-16.2 0.6 0.6 4.645516972e-06 3.057962689e-05 -0.001170927933 0.001809284288
-15.6 0.6 0.6 3.34468031e-05 -0.005501103936 -0.0008750319307 0.001555306305
-15 0.6 0.6 0.0001328517494 -0.01151102451 6.501066033e-05 0.0005863768761
15 0.6 0.6 0.0001328517494 0.01151102451 6.501066033e-05 0.0005863768761
15.6 0.6 0.6 3.34468031e-05 0.005501103936 -0.0008750319307 0.001555306305
16.2 0.6 0.6 4.645516972e-06 -3.057962689e-05 -0.001170927933 0.001809284288
16.8 0.6 0.6 3.399260108e-05 -0.005546229941 -0.0008697155391 0.001573381518
17.4 0.6 0.6 0.0001327796288 -0.01150636368 7.236310057e-05 0.0006148066331
-17.4 1.2 0.6 7.719817072e-05 0.008419592347 0.002387735527 0.000779329505
-16.8 1.2 0.6 1.275744949e-05 0.003259233363 -0.0002506800334 0.001439446735
-16.2 1.2 0.6 2.908242378e-06 2.26860637e-05 -0.0005738944039 0.001605731277
-15.6 1.2 0.6 1.248735434e-05 -0.003224181211 -0.0002536576402 0.00142396196
-15 1.2 0.6 7.724032785e-05 -0.008424330655 0.002388063225 0.0007537472403
15 1.2 0.6 7.724032785e-05 0.008424330655 0.002388063225 0.0007537472403
15.6 1.2 0.6 1.248735434e-05 0.003224181211 -0.0002536576402 0.00142396196
16.2 1.2 0.6 2.908242378e-06 -2.26860637e-05 -0.0005738944039 0.001605731277
16.8 1.2 0.6 1.275744949e-05 -0.003259233363 -0.0002506800334 0.001439446735
17.4 1.2 0.6 7.719817072e-05 -0.008419592347 0.002387735527 0.000779329505
-17.4 -1.2 1.2 0.0001330969601 0.01038589095 -0.0027668341 0.004192237858
-16.8 -1.2 1.2 2.101161432e-05 0.003522143894 -0.0001424188278 0.002930159311
-16.2 -1.2 1.2 8.702146718e-06 5.636977715e-06 0.0001904914876 0.002943777834
-15.6 -1.2 1.2 2.08589573e-05 -0.003514306968 -0.0001374525223 0.002913710803
-15 -1.2 1.2 0.0001332761765 -0.01040702252 -0.002761270356 0.004164786286
15 -1.2 1.2 0.0001332761765 0.01040702252 -0.002761270356 0.004164786286
15.6 -1.2 1.2 2.08589573e-05 0.003514306968 -0.0001374525223 0.002913710803
16.2 -1.2 1.2 8.702146718e-06 -5.636977715e-06 0.0001904914876 0.002943777834
16.8 -1.2 1.2 2.101161432e-05 -0.003522143894 -0.0001424188278 0.002930159311
17.4 -1.2 1.2 0.0001330969601 -0.01038589095 -0.0027668341 0.004192237858
-17.4 -0.6 1.2 0.0001966119063 0.01333739976 -4.618288422e-05 0.004327070723
-16.8 -0.6 1.2 4.013652373e-05 0.005622958598 0.0008547704195 0.002790739662
-16.2 -0.6 1.2 9.388215418e-06 1.231679323e-05 0.001136608832 0.002845379426
-15.6 -0.6 1.2 3.984884281e-05 -0.005604750743 0.0008608704724 0.002773898691
-15 -0.6 1.2 0.0001967642011 -0.01335158999 -3.624589411e-05 0.00430092224
15 -0.6 1.2 0.0001967642011 0.01335158999 -3.624589411e-05 0.00430092224
15.6 -0.6 1.2 3.984884281e-05 0.005604750743 0.0008608704724 0.002773898691
16.2 -0.6 1.2 9.388215418e-06 -1.231679323e-05 0.001136608832 0.002845379426
16.8 -0.6 1.2 4.013652373e-05 -0.005622958598 0.0008547704195 0.002790739662
17.4 -0.6 1.2 0.0001966119063 -0.01333739976 -4.618288422e-05 0.004327070723
-17.4 0 1.2 0.0002145366742 0.01396467705 -1.629132216e-20 0.004418650142
-16.8 0 1.2 4.560144283e-05 0.006151816428 5.819844267e-19 0.002785066868
-16.2 0 1.2 8.044688697e-06 1.295495159e-05 -4.668979609e-19 0.002836286457
-15.6 0 1.2 4.526646866e-05 -0.006132605495 -1.169722722e-18 0.002767240232
-15 0 1.2 0.0002146723148 -0.01397813446 -3.407603621e-19 0.004391363321
15 0 1.2 0.0002146723148 0.01397813446 7.995991022e-19 0.004391363321
15.6 0 1.2 4.526646866e-05 0.006132605495 -9.351243738e-19 0.002767240232
16.2 0 1.2 8.044688697e-06 -1.295495159e-05 1.897353802e-18 0.002836286457
16.8 0 1.2 4.560144283e-05 -0.006151816428 -2.141299291e-18 0.002785066868
17.4 0 1.2 0.0002145366742 -0.01396467705 0 0.004418650142
-17.4 0.6 1.2 0.0001966119063 0.01333739976 4.618288422e-05 0.004327070723
-16.8 0.6 1.2 4.013652373e-05 0.005622958598 -0.0008547704195 0.002790739662
-16.2 0.6 1.2 9.388215418e-06 1.231679323e-05 -0.001136608832 0.002845379426
-15.6 0.6 1.2 3.984884281e-05 -0.005604750743 -0.0008608704724 0.002773898691
-15 0.6 1.2 0.0001967642011 -0.01335158999 3.624589411e-05 0.00430092224
15 0.6 1.2 0.0001967642011 0.01335158999 3.624589411e-05 0.00430092224
15.6 0.6 1.2 3.984884281e-05 0.005604750743 -0.0008608704724 0.002773898691
16.2 0.6 1.2 9.388215418e-06 -1.231679323e-05 -0.001136608832 0.002845379426
16.8 0.6 1.2 4.013652373e-05 -0.005622958598 -0.0008547704195 0.002790739662
17.4 0.6 1.2 0.0001966119063 -0.01333739976 4.618288422e-05 0.004327070723
-17.4 1.2 1.2 0.0001330969601 0.01038589095 0.0027668341 0.004192237858
-16.8 1.2 1.2 2.101161432e-05 0.003522143894 0.0001424188278 0.002930159311
-16.2 1.2 1.2 8.702146718e-06 5.636977715e-06 -0.0001904914876 0.002943777834
-15.6 1.2 1.2 2.08589573e-05 -0.003514306968 0.0001374525223 0.002913710803
-15 1.2 1.2 0.0001332761765 -0.01040702252 0.002761270356 0.004164786286
15 1.2 1.2 0.0001332761765 0.01040702252 0.002761270356 0.004164786286
15.6 1.2 1.2 2.08589573e-05 0.003514306968 0.0001374525223 0.002913710803
16.2 1.2 1.2 8.702146718e-06 -5.636977715e-06 -0.0001904914876 0.002943777834
16.8 1.2 1.2 2.101161432e-05 -0.003522143894 0.0001424188278 0.002930159311
17.4 1.2 1.2 0.0001330969601 -0.01038589095 0.0027668341 0.004192237858
