theta s11 s12 s13 s14 s21 s22 s23 s24 s31 s32 s33 s34 s41 s42 s43 s44
0.00 3.5268540805E+00 6.6613381478E-16 -3.4757359335E-17 -3.2592632544E-18 6.6613381478E-16 3.5268540805E+00 6.4847458160E-18 -3.8522193170E-19 -3.4757359335E-17 -6.4847458160E-18 3.5268540805E+00 -2.2204460493E-16 -3.2592632544E-18 3.8522193170E-19 2.2204460493E-16 3.5268540805E+00
2.00 3.5224762159E+00 -1.3603684892E-03 -3.4709089029E-17 -3.7054811244E-18 -1.3603684892E-03 3.5224762159E+00 5.9447378037E-18 3.6919800472E-18 -3.4706967965E-17 -5.9315053010E-18 3.5224759494E+00 1.6378034069E-04 -3.7024418460E-18 -3.6902734919E-18 -1.6378034069E-04 3.5224759494E+00
4.00 3.5093772542E+00 -5.4223135546E-03 -3.4913166237E-17 -8.3415516309E-18 -5.4223135546E-03 3.5093772542E+00 6.0620938896E-18 3.8318368055E-18 -3.4905392061E-17 -6.0088675824E-18 3.5093730044E+00 6.5309442262E-04 -8.3291452872E-18 -3.8178347083E-18 -6.5309442262E-04 3.5093730044E+00
6.00 3.4876606167E+00 -1.2128692156E-02 -3.4680425206E-17 -9.1373957158E-18 -1.2128692156E-02 3.4876606167E+00 8.2978639354E-18 4.1397251641E-18 -3.4655599080E-17 -8.1790298911E-18 3.4876392209E+00 1.4618883959E-03 -9.1085290350E-18 -4.1045458040E-18 -1.4618883959E-03 3.4876392209E+00
8.00 3.4574970970E+00 -2.1385385605E-02 -3.3497884344E-17 -1.2520561793E-17 -2.1385385605E-02 3.4574970970E+00 1.0156933092E-17 5.1230216923E-18 -3.3445011929E-17 -9.9536942282E-18 3.4574299970E+00 2.5801619910E-03 -1.2464158276E-17 -5.0382490633E-18 -2.5801619910E-03 3.4574299970E+00
10.00 3.4191225301E+00 -3.3062953079E-02 -3.8089048432E-17 -1.2459664625E-17 -3.3062953079E-02 3.4191225301E+00 6.8456119980E-18 2.6054098574E-18 -3.8039130085E-17 -6.4804919930E-18 3.4189603338E+00 3.9941012723E-03 -1.2390622066E-17 -2.4774719998E-18 -3.9941012723E-03 3.4189603338E+00
12.00 3.3728345944E+00 -4.6998895149E-02 -3.4521968934E-17 -1.7135276932E-17 -4.6998895149E-02 3.3728345944E+00 8.4346442398E-18 7.1657693870E-18 -3.4436453412E-17 -7.9660379964E-18 3.3725023309E+00 5.6862615891E-03 -1.6979041459E-17 -6.9142483939E-18 -5.6862615891E-03 3.3725023309E+00
14.00 3.3189888085E+00 -6.3000477663E-02 -3.6071760928E-17 -1.8190537653E-17 -6.3000477663E-02 3.3189888085E+00 8.9379395041E-18 2.9411440246E-18 -3.5950213586E-17 -8.2606711972E-18 3.3183820373E+00 7.6357978909E-03 -1.8055301702E-17 -2.5773207029E-18 -7.6357978909E-03 3.3183820373E+00
16.00 3.2579937987E+00 -8.0848054458E-02 -3.6377835272E-17 -2.2660506026E-17 -8.0848054458E-02 3.2579937987E+00 1.3771177834E-17 5.0165088780E-18 -3.6114995844E-17 -1.2885788905E-17 3.2569757102E+00 9.8187388617E-03 -2.2434189234E-17 -4.4167276867E-18 -9.8187388617E-03 3.2569757102E+00
18.00 3.1903059304E+00 -1.0029881724E-01 -3.6441004857E-17 -2.1865233547E-17 -1.0029881724E-01 3.1903059304E+00 8.1959652674E-18 3.8041235532E-18 -3.6284260594E-17 -7.0656839265E-18 3.1887055421E+00 1.2208300683E-02 -2.1617632951E-17 -3.0912233018E-18 -1.2208300683E-02 3.1887055421E+00
20.00 3.1164234026E+00 -1.2109089272E-01 -3.5100847115E-17 -1.8214833489E-17 -1.2109089272E-01 3.1164234026E+00 1.0141583892E-17 7.4293085683E-18 -3.4817744862E-17 -8.8161654755E-18 3.1140349247E+00 1.4775235676E-02 -1.7774711172E-17 -6.6848831885E-18 -1.4775235676E-02 3.1140349247E+00
22.00 3.0368799144E+00 -1.4294770085E-01 -3.3818068249E-17 -1.4626834668E-17 -1.4294770085E-01 3.0368799144E+00 9.0912310104E-18 1.2410534511E-17 -3.3507680887E-17 -7.5752445196E-18 3.0334633230E+00 1.7488210600E-02 -1.3865304829E-17 -1.1691571432E-17 -1.7488210600E-02 3.0334633230E+00
24.00 2.9522380209E+00 -1.6558248422E-01 -3.7685680823E-17 -2.1418672337E-17 -1.6558248422E-01 2.9522380209E+00 1.1348523006E-17 8.0619717705E-18 -3.7251430333E-17 -9.2965391275E-18 2.9475208406E+00 2.0314209003E-02 -2.0743318701E-17 -6.8075687522E-18 -2.0314209003E-02 2.9475208406E+00
26.00 2.8630822934E+00 -1.8870291683E-01 -3.5786996825E-17 -2.0752775655E-17 -1.8870291683E-01 2.8630822934E+00 1.2516602147E-17 1.2411402984E-17 -3.5199440229E-17 -1.0269667466E-17 2.8567625572E+00 2.3218951751E-02 -1.9692761068E-17 -1.0984569869E-17 -2.3218951751E-02 2.8567625572E+00
28.00 2.7700124043E+00 -2.1201570109E-01 -3.7232175278E-17 -2.2877000066E-17 -2.1201570109E-01 2.7700124043E+00 1.1562813003E-17 1.2414268981E-17 -3.6660817888E-17 -8.8396445946E-18 2.7617627222E+00 2.6167329677E-02 -2.1644958065E-17 -1.0611369953E-17 -2.6167329677E-02 2.7617627222E+00
30.00 2.6736362503E+00 -2.3523106466E-01 -3.7649094854E-17 -2.4787893792E-17 -2.3523106466E-01 2.6736362503E+00 1.3353183508E-17 1.0842754997E-17 -3.6875711821E-17 -1.0174327719E-17 2.6631088875E+00 2.9123842241E-02 -2.3524872185E-17 -8.5848478663E-18 -2.9123842241E-02 2.6631088875E+00
32.00 2.5745632251E+00 -2.5806707334E-01 -3.4336002058E-17 -2.3182518663E-17 -2.5806707334E-01 2.5745632251E+00 1.3120730313E-17 1.0955279261E-17 -3.3463106062E-17 -9.8357697443E-18 2.5613960624E+00 3.2053036081E-02 -2.1779165601E-17 -8.5528155530E-18 -3.2053036081E-02 2.5613960624E+00
34.00 2.4733977460E+00 -2.8025368294E-01 -3.5089453448E-17 -3.0324428874E-17 -2.8025368294E-01 2.4733977460E+00 1.3855978330E-17 7.8294745794E-18 -3.4154336895E-17 -1.0005963081E-17 2.4572209671E+00 3.4919937496E-02 -2.9145717292E-17 -4.2802273127E-18 -3.4919937496E-02 2.4572209671E+00
36.00 2.3707331266E+00 -3.0153646098E-01 -3.4683224750E-17 -2.7789650557E-17 -3.0153646098E-01 2.3707331266E+00 1.3538340617E-17 6.6157727007E-18 -3.3662367438E-17 -9.2502812667E-18 2.3511764605E+00 3.7690473086E-02 -2.6632708758E-17 -2.9585151342E-18 -3.7690473086E-02 2.3511764605E+00
38.00 2.2671458809E+00 -3.2167991864E-01 -3.3987244494E-17 -2.4915087353E-17 -3.2167991864E-01 2.2671458809E+00 1.3571520033E-17 1.2991453471E-17 -3.2802945701E-17 -9.0088267863E-18 2.2438462103E+00 4.0331873079E-02 -2.2721719293E-17 -9.3925751224E-18 -4.0331873079E-02 2.2438462103E+00
40.00 2.1631905297E+00 -3.4047040382E-01 -3.2886596427E-17 -2.5130812291E-17 -3.4047040382E-01 2.1631905297E+00 1.4313078195E-17 1.6074796326E-17 -3.1472896001E-17 -9.4963845458E-18 2.1357996663E+00 4.2813052231E-02 -2.2259715069E-17 -1.2084457438E-17 -4.2813052231E-02 2.1357996663E+00
42.00 2.0593949672E+00 -3.5771851697E-01 -3.3237876061E-17 -2.9066248373E-17 -3.5771851697E-01 2.0593949672E+00 1.1957801412E-17 8.7258911593E-18 -3.2256159918E-17 -6.3613065552E-18 2.0275873929E+00 4.5104963622E-02 -2.7265192142E-17 -3.5932333180E-18 -4.5104963622E-02 2.0275873929E+00
44.00 1.9562564346E+00 -3.7326102342E-01 -3.2165689661E-17 -3.2019387005E-17 -3.7326102342E-01 1.9562564346E+00 1.1388524688E-17 7.4820567515E-18 -3.1310513087E-17 -5.3822116578E-18 1.9197368067E+00 4.7180921154E-02 -3.0404226583E-17 -1.2664729816E-18 -4.7180921154E-02 1.9197368067E+00
46.00 1.8542381293E+00 -3.8696224688E-01 -3.1779038662E-17 -2.9955051002E-17 -3.8696224688E-01 1.8542381293E+00 1.1916977243E-17 7.6784542770E-18 -3.0724247085E-17 -5.4414430344E-18 1.8127483566E+00 4.9016887086E-02 -2.8170771015E-17 -1.3126401389E-18 -4.9016887086E-02 1.8127483566E+00
48.00 1.7537664701E+00 -3.9871494069E-01 -3.0214432986E-17 -2.9624114083E-17 -3.9871494069E-01 1.7537664701E+00 1.4829838870E-17 1.1595467704E-17 -2.8373590924E-17 -8.3189878705E-18 1.7070921784E+00 5.0591721508E-02 -2.6884911980E-17 -4.7468401293E-18 -5.0591721508E-02 1.7070921784E+00
50.00 1.6552290209E+00 -4.0844064398E-01 -2.7816382705E-17 -3.5081150645E-17 -4.0844064398E-01 1.6552290209E+00 1.6855600381E-17 -2.3151426096E-19 -2.5572162481E-17 -1.0008442040E-17 1.6032052428E+00 5.1887391249E-02 -3.5450873133E-17 9.5003985928E-18 -5.1887391249E-02 1.6032052428E+00
52.00 1.5589730654E+00 -4.1608954028E-01 -2.8274422738E-17 -2.9934411754E-17 -4.1608954028E-01 1.5589730654E+00 1.5507773442E-17 8.6909278919E-18 -2.6037069146E-17 -8.2815125187E-18 1.5014890117E+00 5.2889136334E-02 -2.7754888005E-17 -4.3658316615E-19 -5.2889136334E-02 1.5014890117E+00
54.00 1.4653048136E+00 -4.2163984532E-01 -2.7764704922E-17 -2.6430066492E-17 -4.2163984532E-01 1.4653048136E+00 1.5646946341E-17 1.2725157973E-17 -2.5179703567E-17 -8.1941658605E-18 1.4023076060E+00 5.3585592699E-02 -2.2829085815E-17 -5.0368241740E-18 -5.3585592699E-02 1.4023076060E+00
56.00 1.3744892094E+00 -4.2509675904E-01 -3.0127657990E-17 -3.1566398112E-17 -4.2509675904E-01 1.3744892094E+00 1.2337671051E-17 5.0094989113E-18 -2.8948107440E-17 -2.9665143523E-18 1.3059864828E+00 5.3968870531E-02 -3.0395303239E-17 5.1251455137E-18 -5.3968870531E-02 1.3059864828E+00
58.00 1.2867503004E+00 -4.2649102388E-01 -2.7354371640E-17 -2.4964317740E-17 -4.2649102388E-01 1.2867503004E+00 1.5169373104E-17 1.1927286571E-17 -2.4631923481E-17 -6.6343746664E-18 1.2128116117E+00 5.4034588176E-02 -2.1194542170E-17 -3.5800254556E-18 -5.4034588176E-02 1.2128116117E+00
60.00 1.2022721235E+00 -4.2587713701E-01 -2.2219158649E-17 -3.0510553801E-17 -4.2587713701E-01 1.2022721235E+00 1.8151166338E-17 6.8371996713E-18 -1.8301772671E-17 -1.0777675980E-17 1.1230291334E+00 5.3781862183E-02 -2.9194147237E-17 4.7667652230E-18 -5.3781862183E-02 1.1230291334E+00
62.00 1.1212000528E+00 -4.2333126866E-01 -2.4372682884E-17 -2.5975079511E-17 -4.2333126866E-01 1.1212000528E+00 1.3584153226E-17 1.2134183616E-17 -2.1938834633E-17 -4.8545953361E-18 1.0368454779E+00 5.3213254599E-02 -2.2008143807E-17 -2.2669290468E-18 -5.3213254599E-02 1.0368454779E+00
64.00 1.0436425521E+00 -4.1894894167E-01 -2.5184229722E-17 -2.8140306210E-17 -4.1894894167E-01 1.0436425521E+00 1.5144126255E-17 3.1107390099E-18 -2.2435689374E-17 -4.9991905979E-18 9.5442791358E-01 5.2334679206E-02 -2.8175009538E-17 9.2248799694E-18 -5.2334679206E-02 9.5442791358E-01
66.00 9.6967327213E-01 -4.1284252888E-01 -2.0902338085E-17 -2.4461677610E-17 -4.1284252888E-01 9.6967327213E-01 1.7412083134E-17 1.0880881774E-17 -1.6160034419E-17 -9.4221471798E-18 8.7590549690E-01 5.1155268874E-02 -2.1008057812E-17 3.4151040717E-20 -5.1155268874E-02 8.7590549690E-01
68.00 8.9933342892E-01 -4.0513862543E-01 -2.3573925009E-17 -2.4340857601E-17 -4.0513862543E-01 8.9933342892E-01 1.3323711210E-17 1.1807102322E-17 -2.0962805712E-17 -3.0812234029E-18 8.0137038382E-01 4.9687206676E-02 -2.0047472166E-17 -7.5371245869E-19 -4.9687206676E-02 8.0137038382E-01
70.00 8.3263440161E-01 -3.9597535211E-01 -2.0808217787E-17 -2.7192017308E-17 -3.9597535211E-01 8.3263440161E-01 1.5706081532E-17 6.9994714557E-18 -1.6906576249E-17 -6.1494676625E-18 7.3087946613E-01 4.7945523857E-02 -2.6076524399E-17 7.1615192274E-18 -4.7945523857E-02 7.3087946613E-01
72.00 7.6956048748E-01 -3.8549964361E-01 -2.0356664533E-17 -2.2608053388E-17 -3.8549964361E-01 7.6956048748E-01 1.3263357714E-17 9.9075313608E-18 -1.7212526429E-17 -3.4210807981E-18 6.6445629058E-01 4.5947868065E-02 -1.9245864726E-17 1.8784429422E-18 -4.5947868065E-02 6.6445629058E-01
74.00 7.1007175516E-01 -3.7386457262E-01 -2.3217852607E-17 -1.9451898053E-17 -3.7386457262E-01 7.1007175516E-01 1.2808420625E-17 1.1582319048E-17 -2.0463955139E-17 -7.9911317309E-19 6.0209321832E-01 4.3714245614E-02 -1.4262672305E-17 -1.5229692105E-18 -4.3714245614E-02 6.0209321832E-01
76.00 6.5410693989E-01 -3.6122675650E-01 -1.9957447467E-17 -2.0162334130E-17 -3.6122675650E-01 6.5410693989E-01 1.2595676772E-17 1.0781180947E-17 -1.6840346170E-17 -1.8508708440E-18 5.4375378180E-01 4.1266741779E-02 -1.5814005760E-17 5.6552929508E-19 -4.1266741779E-02 5.4375378180E-01
78.00 6.0158632888E-01 -3.4774388875E-01 -1.5977443937E-17 -1.9733189646E-17 -3.4774388875E-01 6.0158632888E-01 1.5234207604E-17 9.4985805719E-18 -1.0134636502E-17 -7.1442916847E-18 4.8937519557E-01 3.8629223290E-02 -1.6708347110E-17 2.9095433135E-18 -3.8629223290E-02 4.8937519557E-01
80.00 5.5241458985E-01 -3.3357243171E-01 -1.8668019064E-17 -1.9770431517E-17 -3.3357243171E-01 5.5241458985E-01 1.2403299318E-17 8.0661854305E-18 -1.5498128023E-17 -1.0185960265E-18 4.3887097875E-01 3.5827027353E-02 -1.7489344805E-17 4.9570050740E-18 -3.5827027353E-02 4.3887097875E-01
82.00 5.0648350125E-01 -3.1886550147E-01 -1.5111434088E-17 -1.6839433003E-17 -3.1886550147E-01 5.0648350125E-01 1.4850462574E-17 1.0624425401E-17 -8.4822177916E-18 -6.8473723111E-18 3.9213364791E-01 3.2886641553E-02 -1.2399294534E-17 5.4472538311E-19 -3.2886641553E-02 3.9213364791E-01
84.00 4.6367454851E-01 -3.0377096974E-01 -1.4693614149E-17 -1.6499572085E-17 -3.0377096974E-01 4.6367454851E-01 1.4943877655E-17 9.0976106562E-18 -7.6545932546E-18 -6.8197839792E-18 3.4903744074E-01 2.9835378990E-02 -1.3346602374E-17 2.8570898776E-18 -2.9835378990E-02 3.4903744074E-01
86.00 4.2386135669E-01 -2.8842980117E-01 -1.3972099931E-17 -1.7094176617E-17 -2.8842980117E-01 4.2386135669E-01 1.3126344888E-17 8.1419281838E-18 -8.2079024434E-18 -4.5104940201E-18 3.0944103357E-01 2.6701052940E-02 -1.5117667083E-17 5.1701487613E-18 -2.6701052940E-02 3.0944103357E-01
88.00 3.8691193640E-01 -2.7297463850E-01 -1.4996008484E-17 -1.6561952738E-17 -2.7297463850E-01 3.8691193640E-01 1.1460968392E-17 8.9195561497E-18 -1.0957041839E-17 -9.0393553858E-19 2.7319021822E-01 2.3511655168E-02 -1.3600730011E-17 3.9941523080E-18 -2.3511655168E-02 2.7319021822E-01
90.00 3.5269072544E-01 -2.5752864187E-01 -1.3679469060E-17 -1.4921839650E-17 -2.5752864187E-01 3.5269072544E-01 1.1082644444E-17 9.3840702004E-18 -9.1428912839E-18 -1.4093478651E-18 2.4012050663E-01 2.0295041844E-02 -1.1080154182E-17 2.3393643232E-18 -2.0295041844E-02 2.4012050663E-01
92.00 3.2106041497E-01 -2.4220458302E-01 -1.3968654060E-17 -1.5532893096E-17 -2.4220458302E-01 3.2106041497E-01 1.2422105607E-17 6.8278721008E-18 -8.2625299810E-18 -2.2574288762E-18 2.1005963534E-01 1.7078630771E-02 -1.5196363090E-17 7.6575027701E-18 -1.7078630771E-02 2.1005963534E-01
94.00 2.9188355431E-01 -2.2710418966E-01 -1.2911876967E-17 -1.3654058739E-17 -2.2710418966E-01 2.9188355431E-01 1.1515709628E-17 7.1032377615E-18 -7.2529544833E-18 -1.9079453949E-18 1.8282994516E-01 1.3889113310E-02 -1.2424020753E-17 5.7653319832E-18 -1.3889113310E-02 1.8282994516E-01
96.00 2.6502393367E-01 -2.1231773072E-01 -1.1973062359E-17 -1.2523067173E-17 -2.1231773072E-01 2.6502393367E-01 1.0271793236E-17 6.6883994600E-18 -7.0529082491E-18 -7.5455458974E-19 1.5825061510E-01 1.0752184065E-02 -1.1519781831E-17 5.6517718944E-18 -1.0752184065E-02 1.5825061510E-01
98.00 2.4034774880E-01 -1.9792382874E-01 -1.0026754439E-17 -1.1331434490E-17 -1.9792382874E-01 2.4034774880E-01 1.0444822458E-17 6.9306319686E-18 -3.0679714995E-18 -3.6116132659E-18 1.3613973346E-01 7.6922910344E-03 -9.7557692536E-18 4.4423525226E-18 -7.6922910344E-03 1.3613973346E-01
100.00 2.1772455541E-01 -1.8398948255E-01 -1.1195452564E-17 -1.1579852893E-17 -1.8398948255E-01 2.1772455541E-01 1.0769861196E-17 5.7702664429E-18 -4.4234159393E-18 -2.1410285852E-18 1.1631619256E-01 4.7324084921E-03 -1.2368153936E-17 7.6031947774E-18 -4.7324084921E-03 1.1631619256E-01
102.00 1.9702802498E-01 -1.7057028008E-01 -1.0417865794E-17 -1.0063372436E-17 -1.7057028008E-01 1.9702802498E-01 9.4698712463E-18 6.3362192961E-18 -4.6093654474E-18 -8.0963879954E-19 9.8601397418E-02 1.8938345017E-03 -9.0593677560E-18 4.7629426703E-18 -1.8938345017E-03 9.8601397418E-02
104.00 1.7813651585E-01 -1.5771077929E-01 -9.6080507848E-18 -9.3092922327E-18 -1.5771077929E-01 1.7813651585E-01 9.3385258418E-18 6.3240316244E-18 -2.8050972488E-18 -1.8297512520E-18 8.2820782299E-02 -8.0398550248E-04 -8.0077990897E-18 4.1072261101E-18 8.0398550248E-04 8.2820782299E-02
106.00 1.6093347620E-01 -1.4544503374E-01 -9.8927822799E-18 -9.8838460542E-18 -1.4544503374E-01 1.6093347620E-01 9.0496011735E-18 5.2481633875E-18 -3.4169122174E-18 -6.7194404170E-19 6.8805132129E-02 -3.3436080311E-03 -1.2190183958E-17 8.5851797602E-18 3.3436080311E-03 6.8805132129E-02
108.00 1.4530769668E-01 -1.3379723840E-01 -8.8547602548E-18 -8.1012451532E-18 -1.3379723840E-01 1.4530769668E-01 8.0578211456E-18 5.2069357326E-18 -2.8067414284E-18 -3.3810973578E-19 5.6391709384E-02 -5.7097131410E-03 -8.8049350827E-18 5.7701014027E-18 5.7097131410E-03 5.6391709384E-02
110.00 1.3115343130E-01 -1.2278247123E-01 -8.6406158872E-18 -7.5907506886E-18 -1.2278247123E-01 1.3115343130E-01 8.1066951494E-18 5.2657154747E-18 -1.6512598153E-18 -9.4515355023E-19 4.5425189645E-02 -7.8891981107E-03 -7.9700835339E-18 5.1499613649E-18 7.8891981107E-03 4.5425189645E-02
112.00 1.1837040601E-01 -1.1240750670E-01 -8.6767646899E-18 -6.6418778661E-18 -1.1240750670E-01 1.1837040601E-01 8.2739800018E-18 4.6255597792E-18 -6.1102300045E-19 -1.5334980405E-18 3.5758411776E-02 -9.8712433563E-03 -7.6145913942E-18 5.1436850834E-18 9.8712433563E-03 3.5758411776E-02
114.00 1.0686373363E-01 -1.0267167790E-01 -7.8308124993E-18 -6.5948817528E-18 -1.0267167790E-01 1.0686373363E-01 7.4403618613E-18 4.5891340063E-18 8.3496853970E-19 -2.1995131051E-18 2.7252950921E-02 -1.1647351104E-02 -8.2139518502E-18 5.9104454472E-18 1.1647351104E-02 2.7252950921E-02
116.00 9.6543753648E-02 -9.3567765863E-02 -7.6206625881E-18 -5.6135369183E-18 -9.3567765863E-02 9.6543753648E-02 6.7737047861E-18 4.4579574695E-18 -6.4846570989E-19 -1.4925358554E-19 1.9779524481E-02 -1.3211357654E-02 -6.7442428733E-18 4.6960844745E-18 1.3211357654E-02 1.9779524481E-02
118.00 8.7325814357E-02 -8.5082895982E-02 -7.5515188879E-18 -4.8663741763E-18 -8.5082895982E-02 8.7325814357E-02 6.7123308201E-18 3.5236959192E-18 1.6925175154E-18 -2.0775820034E-18 1.3218242825E-02 -1.4559420349E-02 -7.6040183188E-18 5.7562267141E-18 1.4559420349E-02 1.3218242825E-02
120.00 7.9130013280E-02 -7.7199423832E-02 -6.6523307832E-18 -4.4498128816E-18 -7.7199423832E-02 7.9130013280E-02 6.0965088756E-18 4.0107323217E-18 8.3095780907E-19 -5.9008318880E-19 7.4587177282E-03 -1.5689980609E-02 -3.9483752029E-18 2.2651741987E-18 1.5689980609E-02 7.4587177282E-03
122.00 7.1880910698E-02 -6.9895794677E-02 -7.2237940477E-18 -3.4798113790E-18 -6.9895794677E-02 7.1880910698E-02 6.1453547490E-18 3.0826130004E-18 1.2802859277E-18 -7.3806687043E-19 2.4000424163E-03 -1.6603704579E-02 -5.5885830285E-18 3.9118090244E-18 1.6603704579E-02 2.4000424163E-03
124.00 6.5507229176E-02 -6.3147363448E-02 -6.3884314110E-18 -3.5703858964E-18 -6.3147363448E-02 6.5507229176E-02 5.5111673520E-18 3.0058434087E-18 2.9876406674E-18 -1.9136215021E-18 -2.0493423275E-03 -1.7303403131E-02 -3.7189247544E-18 2.2232408033E-18 1.7303403131E-02 -2.0493423275E-03
126.00 5.9941550350E-02 -5.6927164332E-02 -6.6256997995E-18 -2.9387884145E-18 -5.6927164332E-02 5.9941550350E-02 5.2178620249E-18 3.0301178589E-18 1.8819911835E-18 -3.6799605978E-19 -5.9718813182E-03 -1.7793933039E-02 -4.9948261014E-18 3.4965812832E-18 1.7793933039E-02 -5.9718813182E-03
128.00 5.5120018440E-02 -5.1206621473E-02 -5.6686150802E-18 -2.4344150715E-18 -5.1206621473E-02 5.5120018440E-02 4.8783426811E-18 2.4628409606E-18 1.7722834154E-18 -2.9360603338E-21 -9.4412227456E-03 -1.8082081274E-02 -2.5394310243E-18 1.1806477268E-18 1.8082081274E-02 -9.4412227456E-03
130.00 5.0982058190E-02 -4.5956194611E-02 -6.1087154289E-18 -2.3470249974E-18 -4.5956194611E-02 5.0982058190E-02 4.1550891195E-18 2.6350773575E-18 3.0430084186E-18 -7.8294664516E-19 -1.2522606251E-02 -1.8176434384E-02 -4.5320442547E-18 3.2511209842E-18 1.8176434384E-02 -1.2522606251E-02
132.00 4.7470113257E-02 -4.1145955591E-02 -5.7853522292E-18 -2.2098658925E-18 -4.1145955591E-02 4.7470113257E-02 4.0534639180E-18 1.9952985290E-18 3.6751845400E-18 -1.1211211006E-18 -1.5273307519E-02 -1.8087234962E-02 -2.8592239573E-18 1.5758200386E-18 1.8087234962E-02 -1.5273307519E-02
134.00 4.4529409503E-02 -3.6746093708E-02 -5.4649309785E-18 -1.2590295049E-18 -3.6746093708E-02 4.4529409503E-02 3.6633689320E-18 2.5088887565E-18 2.0317712613E-18 7.8743423653E-19 -1.7743126335E-02 -1.7826227188E-02 -4.0774571336E-18 2.8979073982E-18 1.7826227188E-02 -1.7743126335E-02
136.00 4.2107746194E-02 -3.2727349569E-02 -5.0544228146E-18 -1.4187821190E-18 -3.2727349569E-02 4.2107746194E-02 3.7985351578E-18 1.1432052036E-18 3.0723143197E-18 -1.1337886321E-19 -1.9974905946E-02 -1.7406493391E-02 -1.5594855835E-18 1.8414828254E-19 1.7406493391E-02 -1.9974905946E-02
138.00 4.0155316816E-02 -2.9061378741E-02 -4.9025037386E-18 -4.5546326295E-19 -2.9061378741E-02 4.0155316816E-02 3.5278609806E-18 1.1078521272E-18 2.3983754039E-18 6.6216637607E-19 -2.2005072585E-02 -1.6842283539E-02 -2.4676381781E-18 9.1330618577E-19 1.6842283539E-02 -2.2005072585E-02
140.00 3.8624560114E-02 -2.5721047754E-02 -4.7930019700E-18 -8.3639904139E-19 -2.5721047754E-02 3.8624560114E-02 2.8900032516E-18 1.1729067913E-18 3.2260194609E-18 1.2769220860E-19 -2.3864185085E-02 -1.6148839483E-02 -2.0934851451E-18 9.1048020811E-19 1.6148839483E-02 -2.3864185085E-02
142.00 3.7470041005E-02 -2.2680666114E-02 -4.5443770510E-18 -2.2644822409E-19 -2.2680666114E-02 3.7470041005E-02 2.6151540739E-18 1.4600615741E-18 2.7656669349E-18 7.0889906982E-19 -2.5577485707E-02 -1.5342215697E-02 -2.6218997542E-18 1.5129121172E-18 1.5342215697E-02 -2.5577485707E-02
144.00 3.6648360233E-02 -1.9916158822E-02 -5.0639081950E-18 4.5031506979E-20 -1.9916158822E-02 3.6648360233E-02 1.9301544626E-18 8.5135586718E-19 3.9395058980E-18 -3.7473737914E-19 -2.7165444393E-02 -1.4439098188E-02 -2.7788605604E-18 1.3807438753E-18 1.4439098188E-02 -2.7165444393E-02
146.00 3.6118091011E-02 -1.7405184540E-02 -4.7755476853E-18 2.0641621273E-19 -1.7405184540E-02 3.6118091011E-02 2.4054785341E-18 1.4837965920E-18 3.2883647710E-18 8.7589126203E-19 -2.8644289896E-02 -1.3456623119E-02 -2.7066964740E-18 1.5848908870E-18 1.3456623119E-02 -2.8644289896E-02
148.00 3.5839740454E-02 -1.5127204980E-02 -4.5197056929E-18 1.8183763825E-20 -1.5127204980E-02 3.5839740454E-02 2.1162448167E-18 5.2957310491E-19 3.5950116184E-18 4.3901433960E-19 -3.0026522281E-02 -1.2412196623E-02 -1.7745862427E-18 4.5978351144E-19 1.2412196623E-02 -3.0026522281E-02
150.00 3.5775733237E-02 -1.3063511344E-02 -3.7697402534E-18 1.5809677200E-20 -1.3063511344E-02 3.5775733237E-02 2.2845079556E-18 1.0152972507E-20 2.9583247736E-18 9.2305163484E-19 -3.1321402400E-02 -1.1323317170E-02 -1.0917865532E-18 -3.1551098402E-19 1.1323317170E-02 -3.1321402400E-02
152.00 3.5890414739E-02 -1.1197213754E-02 -3.8603915036E-18 5.7968290048E-19 -1.1197213754E-02 3.5890414739E-02 1.7176301045E-18 1.0957218824E-18 3.0483680361E-18 9.1765596251E-19 -3.2535414916E-02 -1.0207401752E-02 -1.9729273237E-18 1.1203134541E-18 1.0207401752E-02 -3.2535414916E-02
154.00 3.6150070786E-02 -9.5131995672E-03 -3.8131996927E-18 2.2390694303E-19 -9.5131995672E-03 3.6150070786E-02 1.7208698941E-18 8.4890455277E-20 3.2964809658E-18 7.5676756470E-19 -3.3672702347E-02 -9.0816170621E-03 -1.1534331004E-18 -4.9708093208E-20 9.0816170621E-03 -3.3672702347E-02
156.00 3.6522961123E-02 -7.9980663481E-03 -3.0949464468E-18 1.0295974895E-19 -7.9980663481E-03 3.6522961123E-02 2.2730353018E-18 -3.5279392059E-19 2.5886043659E-18 1.5180017362E-18 -3.4735468412E-02 -7.9627167551E-03 -6.2043352417E-19 -6.9522648480E-19 7.9627167551E-03 -3.4735468412E-02
158.00 3.6979363769E-02 -6.6400350223E-03 -3.6787720395E-18 3.9810479193E-19 -6.6400350223E-03 3.6979363769E-02 1.1749370823E-18 2.2357784705E-19 3.3776292346E-18 5.7009012993E-19 -3.5724349671E-02 -6.8668857720E-03 -1.1028897978E-18 1.9584548243E-19 6.8668857720E-03 -3.5724349671E-02
160.00 3.7491627497E-02 -5.4288484583E-03 -3.3041448695E-18 5.4031644409E-19 -5.4288484583E-03 3.7491627497E-02 1.8589075978E-18 2.3485672328E-19 2.9385499438E-18 1.4275064389E-18 -3.6638755027E-02 -5.8095926569E-03 -1.0536417670E-18 9.4032287699E-20 5.8095926569E-03 -3.6638755027E-02
162.00 3.8034229868E-02 -4.3556603661E-03 -2.9221776517E-18 2.6632467185E-19 -4.3556603661E-03 3.8034229868E-02 1.9525215029E-18 1.1829369772E-19 2.6585577559E-18 1.6344136995E-18 -3.7477173161E-02 -4.8054506888E-03 -6.2492091008E-19 -5.8565381107E-20 4.8054506888E-03 -3.7477173161E-02
164.00 3.8583838375E-02 -3.4129190277E-03 -2.9778333516E-18 7.6699552169E-19 -3.4129190277E-03 3.8583838375E-02 1.4119914485E-18 4.2114828539E-19 2.7683568192E-18 1.1966619516E-18 -3.8237448374E-02 -3.8680885914E-03 -1.0915797849E-18 3.7236837573E-19 3.8680885914E-03 -3.8237448374E-02
166.00 3.9119372468E-02 -2.5942499742E-03 -3.0634078865E-18 7.6997326289E-19 -2.5942499742E-03 3.9119372468E-02 1.0445731870E-18 1.8335541333E-19 2.9313590301E-18 8.5888159235E-19 -3.8917025576E-02 -3.0100315077E-03 -1.0129248856E-18 1.6920592141E-19 3.0100315077E-03 -3.8917025576E-02
168.00 3.9622064448E-02 -1.8943413097E-03 -2.3878771553E-18 8.2280633538E-19 -1.8943413097E-03 3.9622064448E-02 1.4577863021E-18 4.3310659206E-19 2.2692532158E-18 1.3697997229E-18 -3.9513165394E-02 -2.2425928551E-03 -9.7463081031E-19 3.9600346130E-19 2.2425928551E-03 -3.9513165394E-02
170.00 4.0075517405E-02 -1.3088349683E-03 -2.4966595455E-18 7.3653627937E-19 -1.3088349683E-03 4.0075517405E-02 1.1527402077E-18 1.8742985110E-19 2.4291870999E-18 1.0792677738E-18 -4.0023130453E-02 -1.5757776124E-03 -8.3927082902E-19 1.6926878597E-19 1.5757776124E-03 -4.0023130453E-02
172.00 4.0465758620E-02 -8.3422677962E-04 -2.2110219901E-18 8.4704286004E-19 -8.3422677962E-04 4.0465758620E-02 1.5011823677E-18 3.8847310648E-19 2.1583230087E-18 1.4656675072E-18 -4.0444343983E-02 -1.0181975226E-03 -9.0984058834E-19 3.6925177415E-19 1.0181975226E-03 -4.0444343983E-02
174.00 4.0781287053E-02 -4.6777780666E-04 -2.1585693090E-18 7.7180265349E-19 -4.6777780666E-04 4.0781287053E-02 1.3412249044E-18 3.7294338975E-19 2.1321294474E-18 1.3218226550E-18 -4.0774521826E-02 -5.7699863087E-04 -8.0638090896E-19 3.6315456464E-19 5.7699863087E-04 -4.0774521826E-02
176.00 4.1013113756E-02 -2.0743902544E-04 -1.8160274077E-18 7.5928228380E-19 -2.0743902544E-04 4.1013113756E-02 1.4995794231E-18 7.3675375501E-19 1.8036338656E-18 1.4950391787E-18 -4.1011778886E-02 -2.5780151204E-04 -7.7437123089E-19 7.3122034194E-19 2.5780151204E-04 -4.1011778886E-02
178.00 4.1154794286E-02 -5.1791021809E-05 -1.8541776131E-18 8.9021970579E-19 -5.1791021809E-05 4.1154794286E-02 1.6571776175E-18 5.3472959301E-19 1.8506917272E-18 1.6556853316E-18 -4.1154710911E-02 -6.4654479379E-05 -8.9380189409E-19 5.3324987171E-19 6.4654479379E-05 -4.1154710911E-02
180.00 4.1202452364E-02 9.0205620751E-17 -1.5450557206E-18 7.0797800476E-19 9.0205620751E-17 4.1202452364E-02 1.2098917998E-18 8.2847115749E-19 1.5450557206E-18 1.2098917998E-18 -4.1202452364E-02 6.9388939039E-18 -7.0797800476E-19 8.2847115749E-19 -6.9388939039E-18 -4.1202452364E-02
182.00 4.1154794286E-02 -5.1791021809E-05 -1.8982636595E-18 9.2644097181E-19 -5.1791021809E-05 4.1154794286E-02 1.0789342509E-18 7.0524400780E-19 1.8954481998E-18 1.0776546923E-18 -4.1154710911E-02 -6.4654479379E-05 -9.3030812972E-19 7.0471830664E-19 6.4654479379E-05 -4.1154710911E-02
184.00 4.1013113756E-02 -2.0743902544E-04 -1.2751255727E-18 9.5816188072E-19 -2.0743902544E-04 4.1013113756E-02 1.4053543195E-18 8.4264098233E-19 1.2619588513E-18 1.4042224532E-18 -4.1011778886E-02 -2.5780151204E-04 -9.7038789381E-19 8.3868783294E-19 2.5780151204E-04 -4.1011778886E-02
186.00 4.0781287053E-02 -4.6777780666E-04 -1.3270389823E-18 5.3682771785E-19 -4.6777780666E-04 4.0781287053E-02 1.0706813832E-18 7.4553291325E-19 1.3069953308E-18 1.0660602603E-18 -4.0774521826E-02 -5.7699863087E-04 -5.6396500797E-19 7.3672948642E-19 5.7699863087E-04 -4.0774521826E-02
188.00 4.0465758620E-02 -8.3422677962E-04 -7.5387970671E-19 7.4646220200E-19 -8.3422677962E-04 4.0465758620E-02 9.9258030137E-19 1.0254520808E-18 7.1401800074E-19 1.0031374761E-18 -4.0444343983E-02 -1.0181975226E-03 -7.8598456796E-19 1.0161377092E-18 1.0181975226E-03 -4.0444343983E-02
190.00 4.0075517405E-02 -1.3088349683E-03 -9.9654868093E-19 2.9264221190E-19 -1.3088349683E-03 4.0075517405E-02 8.7486254059E-19 1.0353615415E-18 9.5489319507E-19 8.8324348169E-19 -4.0023130453E-02 -1.5757776124E-03 -3.6447935483E-19 1.0115119451E-18 1.5757776124E-03 -4.0023130453E-02
192.00 3.9622064448E-02 -1.8943413097E-03 -8.0768239395E-19 8.0225210845E-19 -1.8943413097E-03 3.9622064448E-02 9.9296654793E-19 1.2279901410E-18 7.1101412495E-19 1.0257474085E-18 -3.9513165394E-02 -2.2425928551E-03 -9.0368949280E-19 1.2116192042E-18 2.2425928551E-03 -3.9513165394E-02
194.00 3.9119372468E-02 -2.5942499742E-03 -7.0847939073E-19 2.0548897045E-19 -2.5942499742E-03 3.9119372468E-02 6.6995425669E-19 8.6368810308E-19 6.4322607725E-19 6.9028883665E-19 -3.8917025576E-02 -3.0100315077E-03 -3.1388198329E-19 8.2848662588E-19 3.0100315077E-03 -3.8917025576E-02
196.00 3.8583838375E-02 -3.4129190277E-03 -1.5195512304E-19 1.9981073450E-19 -3.4129190277E-03 3.8583838375E-02 3.8252189425E-19 9.3927557696E-19 8.9397777536E-20 4.6534392913E-19 -3.8237448374E-02 -3.8680885914E-03 -2.9450017135E-19 9.1854464300E-19 3.8680885914E-03 -3.8237448374E-02
198.00 3.8034229868E-02 -4.3556603661E-03 -2.0381714781E-19 1.7544675317E-19 -4.3556603661E-03 3.8034229868E-02 5.0319112958E-19 1.0640458130E-18 1.0790333974E-19 6.1790157347E-19 -3.7477173161E-02 -4.8054506888E-03 -3.1555551009E-19 1.0210229519E-18 4.8054506888E-03 -3.7477173161E-02
200.00 3.7491627497E-02 -5.4288484583E-03 2.6203712631E-20 3.3256210771E-19 -5.4288484583E-03 3.7491627497E-02 4.1703123667E-19 1.0487556975E-18 -1.6310550305E-19 5.9367451516E-19 -3.6638755027E-02 -5.8095926569E-03 -4.6983730391E-19 1.0283095072E-18 5.8095926569E-03 -3.6638755027E-02
202.00 3.6979363769E-02 -6.6400350223E-03 6.5894196064E-20 2.3486984916E-20 -6.6400350223E-03 3.6979363769E-02 -8.6097838185E-20 1.1203811059E-18 -9.3454791140E-20 1.4165421873E-19 -3.5724349671E-02 -6.8668857720E-03 -2.1459201456E-19 1.1368775614E-18 6.8668857720E-03 -3.5724349671E-02
204.00 3.6522961123E-02 -7.9980663481E-03 4.8450912158E-19 1.1497790508E-19 -7.9980663481E-03 3.6522961123E-02 -8.8521480329E-20 1.3892360442E-18 -5.6064029991E-19 3.4146454655E-19 -3.4735468412E-02 -7.9627167551E-03 -3.1225477008E-19 1.4089238384E-18 7.9627167551E-03 -3.4735468412E-02
206.00 3.6150070786E-02 -9.5131995672E-03 8.0445109737E-19 -2.6784001606E-21 -9.5131995672E-03 3.6150070786E-02 2.9166348973E-21 1.0486474452E-18 -8.7960562969E-19 4.9763358727E-19 -3.3672702347E-02 -9.0816170621E-03 -5.6156068277E-20 9.9082874899E-19 9.0816170621E-03 -3.3672702347E-02
208.00 3.5890414739E-02 -1.1197213754E-02 9.3994944803E-19 2.4003162523E-19 -1.1197213754E-02 3.5890414739E-02 -2.3428969723E-19 9.6943869126E-19 -1.0414769326E-18 3.8824788235E-19 -3.2535414916E-02 -1.0207401752E-02 -2.7167544610E-19 1.0302078545E-18 1.0207401752E-02 -3.2535414916E-02
210.00 3.5775733237E-02 -1.3063511344E-02 8.0232823618E-19 1.0495750055E-19 -1.3063511344E-02 3.5775733237E-02 -6.4848206703E-19 1.0082486499E-18 -7.4407970359E-19 2.3078356528E-20 -3.1321402400E-02 -1.1323317170E-02 -2.7140383512E-19 1.1870676864E-18 1.1323317170E-02 -3.1321402400E-02
212.00 3.5839740454E-02 -1.5127204980E-02 1.3363886467E-18 -2.5491938473E-19 -1.5127204980E-02 3.5839740454E-02 -8.5207980471E-20 6.6594517931E-19 -1.3366873715E-18 7.2343400694E-19 -3.0026522281E-02 -1.2412196623E-02 5.2132516993E-19 3.6739784101E-19 1.2412196623E-02 -3.0026522281E-02
214.00 3.6118091011E-02 -1.7405184540E-02 1.2336359983E-18 1.1575668001E-19 -1.7405184540E-02 3.6118091011E-02 -7.0928267763E-19 8.4044696871E-19 -1.1739282052E-18 3.1632669952E-19 -2.8644289896E-02 -1.3456623119E-02 -1.0514959439E-19 9.8146672191E-19 1.3456623119E-02 -2.8644289896E-02
216.00 3.6648360233E-02 -1.9916158822E-02 1.7250126364E-18 -2.0019297576E-19 -1.9916158822E-02 3.6648360233E-02 -1.0336773733E-18 2.1360118829E-19 -1.1766159368E-18 -4.2632925292E-20 -2.7165444393E-02 -1.4439098188E-02 7.3887626691E-19 1.6405544943E-19 1.4439098188E-02 -2.7165444393E-02
218.00 3.7470041005E-02 -2.2680666114E-02 1.1820328186E-18 6.9834451329E-19 -2.2680666114E-02 3.7470041005E-02 -1.2677483767E-18 4.8474712284E-19 -1.0876304521E-18 -8.5545123552E-21 -2.5577485707E-02 -1.5342215697E-02 -8.0049792351E-19 1.3345196973E-18 1.5342215697E-02 -2.5577485707E-02
220.00 3.8624560114E-02 -2.5721047754E-02 2.1152977571E-18 3.1384559301E-19 -2.5721047754E-02 3.8624560114E-02 -8.5012849436E-19 5.6004592311E-19 -2.2357707745E-18 1.1977569375E-18 -2.3864185085E-02 -1.6148839483E-02 4.0135405488E-19 4.3418957522E-19 1.6148839483E-02 -2.3864185085E-02
222.00 4.0155316816E-02 -2.9061378741E-02 1.5934891843E-18 2.2398021273E-19 -2.9061378741E-02 4.0155316816E-02 -1.8607325218E-18 -2.6674007685E-19 -3.1127880386E-19 -9.0627787007E-19 -2.2005072585E-02 -1.6842283539E-02 1.8179825833E-19 5.0269910765E-19 1.6842283539E-02 -2.2005072585E-02
224.00 4.2107746194E-02 -3.2727349569E-02 2.2458590734E-18 8.9600879341E-19 -3.2727349569E-02 4.2107746194E-02 -7.9519076676E-19 -1.8747086217E-19 -2.7338036081E-18 1.6700745491E-18 -1.9974905946E-02 -1.7406493391E-02 8.0062694956E-19 -3.8248611057E-19 1.7406493391E-02 -1.9974905946E-02
226.00 4.4529409503E-02 -3.6746093708E-02 1.9876682581E-18 8.1572809512E-19 -3.6746093708E-02 4.4529409503E-02 -1.5542439997E-18 -6.9713206116E-19 -1.1823588559E-18 7.7312661659E-20 -1.7743126335E-02 -1.7826227188E-02 5.8445096102E-19 -1.3787035219E-19 1.7826227188E-02 -1.7743126335E-02
228.00 4.7470113257E-02 -4.1145955591E-02 2.2969631099E-18 9.3296276488E-19 -4.1145955591E-02 4.7470113257E-02 -1.9793983217E-18 -1.2300505704E-18 -5.4789961428E-19 -6.3063510281E-19 -1.5273307519E-02 -1.8087234962E-02 1.0628835352E-18 -5.6284796899E-19 1.8087234962E-02 -1.5273307519E-02
230.00 5.0982058190E-02 -4.5956194611E-02 2.9389104334E-18 1.2282105291E-18 -4.5956194611E-02 5.0982058190E-02 -1.5541278823E-18 -8.7939818889E-19 -2.8437405964E-18 1.8681364511E-18 -1.2522606251E-02 -1.8176434384E-02 2.3546342835E-18 -1.7844294322E-18 1.8176434384E-02 -1.2522606251E-02
232.00 5.5120018440E-02 -5.1206621473E-02 2.2176853033E-18 1.8069557867E-18 -5.1206621473E-02 5.5120018440E-02 -2.3153801195E-18 -1.7652047350E-18 -4.8360971392E-19 -5.2638907229E-19 -9.4412227456E-03 -1.8082081274E-02 -4.9209245058E-20 5.0292144990E-19 1.8082081274E-02 -9.4412227456E-03
234.00 5.9941550350E-02 -5.6927164332E-02 3.0125570834E-18 1.8473481302E-18 -5.6927164332E-02 5.9941550350E-02 -2.4588500926E-18 -1.7508668399E-18 -1.2469629678E-18 4.1953031565E-19 -5.9718813182E-03 -1.7793933039E-02 1.8632903631E-18 -1.2141025940E-18 1.7793933039E-02 -5.9718813182E-03
236.00 6.5507229176E-02 -6.3147363448E-02 3.0647289526E-18 2.5060465941E-18 -6.3147363448E-02 6.5507229176E-02 -2.5002453821E-18 -1.5177255647E-18 -4.1833805034E-18 3.5535585314E-18 -2.0493423275E-03 -1.7303403131E-02 1.9825475375E-18 -1.2981809251E-18 1.7303403131E-02 -2.0493423275E-03
238.00 7.1880910698E-02 -6.9895794677E-02 2.6000281049E-18 3.0537832778E-18 -6.9895794677E-02 7.1880910698E-02 -2.3074939095E-18 -2.6634659535E-18 -1.7487266722E-18 1.1622462907E-18 2.4000424163E-03 -1.6603704579E-02 1.7950985305E-18 -1.1235870425E-18 1.6603704579E-02 2.4000424163E-03
240.00 7.9130013280E-02 -7.7199423832E-02 3.0176712322E-18 3.6413242543E-18 -7.7199423832E-02 7.9130013280E-02 -2.9022361456E-18 -2.8975986043E-18 -2.9860713862E-18 2.6122412501E-18 7.4587177282E-03 -1.5689980609E-02 2.3588091613E-18 -1.4526764813E-18 1.5689980609E-02 7.4587177282E-03
242.00 8.7325814357E-02 -8.5082895982E-02 2.7049477225E-18 3.6208685901E-18 -8.5082895982E-02 8.7325814357E-02 -3.1115295316E-18 -3.0261409453E-18 -3.1860234391E-18 3.0706406540E-18 1.3218242825E-02 -1.4559420349E-02 9.3324118053E-19 6.7556998721E-20 1.4559420349E-02 1.3218242825E-02
244.00 9.6543753648E-02 -9.3567765863E-02 3.0735187686E-18 4.2284605468E-18 -9.3567765863E-02 9.6543753648E-02 -3.3573122516E-18 -3.9564338218E-18 -1.4967631090E-18 1.5970474725E-18 1.9779524481E-02 -1.3211357654E-02 9.2330364678E-19 3.7516226307E-19 1.3211357654E-02 1.9779524481E-02
246.00 1.0686373363E-01 -1.0267167790E-01 3.2744498651E-18 4.7120372728E-18 -1.0267167790E-01 1.0686373363E-01 -3.0668985955E-18 -4.2807297120E-18 2.3792654271E-19 8.6975789568E-20 2.7252950921E-02 -1.1647351104E-02 2.4513825296E-18 -9.2925628403E-19 1.1647351104E-02 2.7252950921E-02
248.00 1.1837040601E-01 -1.1240750670E-01 3.2854715265E-18 5.9980463075E-18 -1.1240750670E-01 1.1837040601E-01 -3.1235798203E-18 -4.4228066771E-18 -5.4477981708E-19 1.0921056850E-18 3.5758411776E-02 -9.8712433563E-03 5.8016237603E-18 -3.9128015047E-18 9.8712433563E-03 3.5758411776E-02
250.00 1.3115343130E-01 -1.2278247123E-01 3.4301572601E-18 5.1443904765E-18 -1.2278247123E-01 1.3115343130E-01 -3.3798452782E-18 -4.7556678751E-18 4.0864996268E-19 5.0198194417E-19 4.5425189645E-02 -7.8891981107E-03 2.0696827056E-18 -8.7145056239E-20 7.8891981107E-03 4.5425189645E-02
252.00 1.4530769668E-01 -1.3379723840E-01 2.0145695346E-18 6.5405540927E-18 -1.3379723840E-01 1.4530769668E-01 -3.8989281266E-18 -4.6561270051E-18 -4.6004096426E-18 5.5661482250E-18 5.6391709384E-02 -5.7097131410E-03 5.3403044384E-18 -2.9570991337E-18 5.7097131410E-03 5.6391709384E-02
254.00 1.6093347620E-01 -1.4544503374E-01 3.3305195397E-18 7.8814621347E-18 -1.4544503374E-01 1.6093347620E-01 -3.4947045367E-18 -6.9123558842E-18 2.1637641942E-19 1.1549525153E-18 6.8805132129E-02 -3.3436080311E-03 3.8332422863E-18 -4.3642611370E-19 3.3436080311E-03 6.8805132129E-02
256.00 1.7813651585E-01 -1.5771077929E-01 2.2848652586E-18 8.0931476796E-18 -1.5771077929E-01 1.7813651585E-01 -3.0416238724E-18 -5.5627468331E-18 -9.4360745790E-19 2.2244421162E-18 8.2820782299E-02 -8.0398550248E-04 6.8053129838E-18 -3.4249841766E-18 8.0398550248E-04 8.2820782299E-02
258.00 1.9702802498E-01 -1.7057028008E-01 2.9680508571E-18 9.5860434596E-18 -1.7057028008E-01 1.9702802498E-01 -3.3129893084E-18 -6.6392402745E-18 3.4689744911E-19 1.4214658179E-18 9.8601397418E-02 1.8938345017E-03 7.6632298378E-18 -3.3434591064E-18 -1.8938345017E-03 9.8601397418E-02
260.00 2.1772455541E-01 -1.8398948255E-01 1.1650960890E-18 1.0443322246E-17 -1.8398948255E-01 2.1772455541E-01 -4.8564559883E-18 -6.2515363076E-18 -5.0996547618E-18 7.0398680171E-18 1.1631619256E-01 4.7324084921E-03 9.8669358669E-18 -5.1038811632E-18 -4.7324084921E-03 1.1631619256E-01
262.00 2.4034774880E-01 -1.9792382874E-01 1.4448449232E-18 1.1254628259E-17 -1.9792382874E-01 2.4034774880E-01 -5.4419016622E-18 -7.6457900035E-18 -4.8506903531E-18 7.3216408278E-18 1.3613973346E-01 7.6922910344E-03 9.0278820517E-18 -3.2777417852E-18 -7.6922910344E-03 1.3613973346E-01
264.00 2.6502393367E-01 -2.1231773072E-01 1.1038786864E-18 1.1850189366E-17 -2.1231773072E-01 2.6502393367E-01 -4.9783431069E-18 -7.7684933455E-18 -4.1710504810E-18 6.6293714598E-18 1.5825061510E-01 1.0752184065E-02 9.7063940250E-18 -3.3393163841E-18 -1.0752184065E-02 1.5825061510E-01
266.00 2.9188355431E-01 -2.2710418966E-01 1.3388218638E-18 1.1052493703E-17 -2.2710418966E-01 2.9188355431E-01 -4.7180161161E-18 -9.0379500056E-18 -3.2169799438E-18 5.8883528633E-18 1.8282994516E-01 1.3889113310E-02 6.6628354103E-18 2.5256992251E-19 -1.3889113310E-02 1.8282994516E-01
268.00 3.2106041497E-01 -2.4220458302E-01 1.8228990439E-18 1.2985187501E-17 -2.4220458302E-01 3.2106041497E-01 -4.1282948458E-18 -9.3367833794E-18 -1.2274153800E-18 4.1236264402E-18 2.1005963534E-01 1.7078630771E-02 9.1811096088E-18 -1.0369734803E-18 -1.7078630771E-02 2.1005963534E-01
270.00 3.5269072544E-01 -2.5752864187E-01 1.3995826632E-18 1.4795227881E-17 -2.5752864187E-01 3.5269072544E-01 -4.6815135306E-18 -8.5744939435E-18 -1.8921980027E-18 5.0623454691E-18 2.4012050663E-01 2.0295041844E-02 1.2695142763E-17 -3.7014371601E-18 -2.0295041844E-02 2.4012050663E-01
272.00 3.8691193640E-01 -2.7297463850E-01 3.0992392033E-19 1.5071153820E-17 -2.7297463850E-01 3.8691193640E-01 -3.3522347293E-18 -1.0153583463E-17 -1.9324901347E-18 4.3473615778E-18 2.7319021822E-01 2.3511655168E-02 1.1365614021E-17 -1.0531628652E-18 -2.3511655168E-02 2.7319021822E-01
274.00 4.2386135669E-01 -2.8842980117E-01 8.5501342830E-19 1.4045544514E-17 -2.8842980117E-01 4.2386135669E-01 -3.0964056424E-18 -1.1352224162E-17 -9.6078244594E-19 3.6294641309E-18 3.0944103357E-01 2.6701052940E-02 8.7405915980E-18 2.1448513201E-18 -2.6701052940E-02 3.0944103357E-01
276.00 4.6367454851E-01 -3.0377096974E-01 -7.1279310145E-19 1.8446668742E-17 -3.0377096974E-01 4.6367454851E-01 -4.9482609426E-18 -7.9166798753E-18 -3.7205034588E-18 6.6717192770E-18 3.4903744074E-01 2.9835378990E-02 1.7933307943E-17 -6.1078053807E-18 -2.9835378990E-02 3.4903744074E-01
278.00 5.0648350125E-01 -3.1886550147E-01 -3.0030041362E-18 2.0323406870E-17 -3.1886550147E-01 5.0648350125E-01 -6.1036321387E-18 -8.4027054071E-18 -7.1630859017E-18 9.7808462915E-18 3.9213364791E-01 3.2886641553E-02 2.0017938465E-17 -6.4933495710E-18 -3.2886641553E-02 3.9213364791E-01
280.00 5.5241458985E-01 -3.3357243171E-01 -2.4205064558E-18 2.0049746197E-17 -3.3357243171E-01 5.5241458985E-01 -4.2061465748E-18 -9.1362251332E-18 -4.7189253606E-18 6.7836420838E-18 4.3887097875E-01 3.5827027353E-02 1.8678028288E-17 -4.2930527562E-18 -3.5827027353E-02 4.3887097875E-01
282.00 6.0158632888E-01 -3.4774388875E-01 -3.7823592541E-18 2.0055232456E-17 -3.4774388875E-01 6.0158632888E-01 -5.9887978389E-18 -1.1395909327E-17 -7.5512867666E-18 9.9684746428E-18 4.8937519557E-01 3.8629223290E-02 1.7152067088E-17 -1.0289358865E-18 -3.8629223290E-02 4.8937519557E-01
284.00 6.5410693989E-01 -3.6122675650E-01 -4.2866047521E-18 2.1153129682E-17 -3.6122675650E-01 6.5410693989E-01 -4.4337691012E-18 -9.8535575405E-18 -6.6294401162E-18 7.9684739051E-18 5.4375378180E-01 4.1266741779E-02 1.9403296200E-17 -2.8038959192E-18 -4.1266741779E-02 5.4375378180E-01
286.00 7.1007175516E-01 -3.7386457262E-01 -4.0427641598E-18 1.9493577860E-17 -3.7386457262E-01 7.1007175516E-01 -5.1833157453E-18 -1.1195046318E-17 -6.7861270609E-18 8.6573148583E-18 6.0209321832E-01 4.3714245614E-02 1.6530759625E-17 4.6982765445E-19 -4.3714245614E-02 6.0209321832E-01
288.00 7.6956048748E-01 -3.8549964361E-01 -5.1062885452E-18 1.9894958604E-17 -3.8549964361E-01 7.6956048748E-01 -5.7102137774E-18 -1.0593809733E-17 -8.0202088530E-18 9.5804530136E-18 6.6445629058E-01 4.5947868065E-02 1.7450321154E-17 6.4528759243E-20 -4.5947868065E-02 6.6445629058E-01
290.00 8.3263440161E-01 -3.9597535211E-01 -4.4469220377E-18 2.7398784159E-17 -3.9597535211E-01 8.3263440161E-01 -3.7434083883E-18 -6.8357083579E-18 -5.2668292377E-18 6.1842946850E-18 7.3087946613E-01 4.7945523857E-02 2.7855371589E-17 -7.4623884891E-18 -4.7945523857E-02 7.3087946613E-01
292.00 8.9933342892E-01 -4.0513862543E-01 -7.3701000172E-18 2.4376874369E-17 -4.0513862543E-01 8.9933342892E-01 -6.2220449070E-18 -9.2947149264E-18 -9.9734650708E-18 1.0550732978E-17 8.0137038382E-01 4.9687206676E-02 2.3276182875E-17 -2.5471392752E-18 -4.9687206676E-02 8.0137038382E-01
294.00 9.6967327213E-01 -4.1284252888E-01 -7.1576936060E-18 2.6206974761E-17 -4.1284252888E-01 9.6967327213E-01 -3.9823132527E-18 -8.4502527659E-18 -8.3107895886E-18 7.5813705737E-18 8.7590549690E-01 5.1155268874E-02 2.5514989919E-17 -3.4400931898E-18 -5.1155268874E-02 8.7590549690E-01
296.00 1.0436425521E+00 -4.1894894167E-01 -1.0249077526E-17 2.2765911556E-17 -4.1894894167E-01 1.0436425521E+00 -5.8242442686E-18 -1.2721918778E-17 -1.2666773152E-17 1.1049137491E-17 9.5442791358E-01 5.2334679206E-02 2.0004183519E-17 3.3120659169E-18 -5.2334679206E-02 9.5442791358E-01
298.00 1.1212000528E+00 -4.2333126866E-01 -1.2100595929E-17 2.4133678391E-17 -4.2333126866E-01 1.1212000528E+00 -7.5303444715E-18 -1.2220795569E-17 -1.5036718515E-17 1.3221213294E-17 1.0368454779E+00 5.3213254599E-02 2.1879238334E-17 2.6830151815E-18 -5.3213254599E-02 1.0368454779E+00
300.00 1.2022721235E+00 -4.2587713701E-01 -1.3274646951E-17 2.2294736487E-17 -4.2587713701E-01 1.2022721235E+00 -4.4503172208E-18 -1.0803453019E-17 -1.4917941475E-17 9.9246049919E-18 1.1230291334E+00 5.3781862183E-02 2.0485409083E-17 2.6358248702E-18 -5.3781862183E-02 1.1230291334E+00
302.00 1.2867503004E+00 -4.2649102388E-01 -1.3429961560E-17 2.3609225921E-17 -4.2649102388E-01 1.2867503004E+00 -7.0074976403E-18 -1.4702309829E-17 -1.5795934275E-17 1.2457764293E-17 1.2128116117E+00 5.4034588176E-02 2.0582176108E-17 6.7413012963E-18 -5.4034588176E-02 1.2128116117E+00
304.00 1.3744892094E+00 -4.2509675904E-01 -1.0959357661E-17 2.4342287741E-17 -4.2509675904E-01 1.3744892094E+00 -3.5546119784E-18 -1.2711165813E-17 -1.1783393972E-17 7.5208775556E-18 1.3059864828E+00 5.3968870531E-02 2.1968583353E-17 5.1437280888E-18 -5.3968870531E-02 1.3059864828E+00
306.00 1.4653048136E+00 -4.2163984532E-01 -1.5692743108E-17 2.1332544526E-17 -4.2163984532E-01 1.4653048136E+00 -7.6374085892E-18 -1.4372712982E-17 -1.7981197471E-17 1.3008730772E-17 1.4023076060E+00 5.3585592699E-02 1.8656466465E-17 8.1071186844E-18 -5.3585592699E-02 1.4023076060E+00
308.00 1.5589730654E+00 -4.1608954028E-01 -1.5336826074E-17 2.3431723443E-17 -4.1608954028E-01 1.5589730654E+00 -4.8367112453E-18 -1.2702609834E-17 -1.6510870785E-17 9.4960585364E-18 1.5014890117E+00 5.2889136334E-02 2.1390265318E-17 6.3610809977E-18 -5.2889136334E-02 1.5014890117E+00
310.00 1.6552290209E+00 -4.0844064398E-01 -2.0114275897E-17 2.3288374784E-17 -4.0844064398E-01 1.6552290209E+00 -9.7442483752E-18 -1.1808270923E-17 -2.2545042251E-17 1.5371312193E-17 1.6032052428E+00 5.1887391249E-02 2.1765410009E-17 5.7608947304E-18 -5.1887391249E-02 1.6032052428E+00
312.00 1.7537664701E+00 -3.9871494069E-01 -1.9639432030E-17 2.5649503137E-17 -3.9871494069E-01 1.7537664701E+00 -7.5973844838E-18 -7.9581562770E-18 -2.1206398445E-17 1.2445990230E-17 1.7070921784E+00 5.0591721508E-02 2.5120536264E-17 1.8160961010E-18 -5.0591721508E-02 1.7070921784E+00
314.00 1.8542381293E+00 -3.8696224688E-01 -1.9756735936E-17 2.3693007670E-17 -3.8696224688E-01 1.8542381293E+00 -5.4890065467E-18 -8.4575747063E-18 -2.0758962110E-17 9.9219652059E-18 1.8127483566E+00 4.9016887086E-02 2.2991197679E-17 3.3251797737E-18 -4.9016887086E-02 1.8127483566E+00
316.00 1.9562564346E+00 -3.7326102342E-01 -1.6144290270E-17 2.2297438477E-17 -3.7326102342E-01 1.9562564346E+00 -1.9175189849E-18 -1.1788418911E-17 -1.6312291848E-17 5.2784812884E-18 1.9197368067E+00 4.7180921154E-02 2.0830448739E-17 7.5475773461E-18 -4.7180921154E-02 1.9197368067E+00
318.00 2.0593949672E+00 -3.5771851697E-01 -1.8536384619E-17 1.6151024523E-17 -3.5771851697E-01 2.0593949672E+00 -2.2748908925E-18 -1.4584046788E-17 -1.8911474770E-17 5.8441133894E-18 2.0275873929E+00 4.5104963622E-02 1.4252089213E-17 1.1833370822E-17 -4.5104963622E-02 2.0275873929E+00
320.00 2.1631905297E+00 -3.4047040382E-01 -2.6080850953E-17 2.4298033319E-17 -3.4047040382E-01 2.1631905297E+00 -8.3184810974E-18 -7.2492349786E-18 -2.7260287297E-17 1.2647194815E-17 2.1357996663E+00 4.2813052231E-02 2.4000482123E-17 3.2153063480E-18 -4.2813052231E-02 2.1357996663E+00
322.00 2.2671458809E+00 -3.2167991864E-01 -2.3722406139E-17 3.0001920582E-17 -3.2167991864E-01 2.2671458809E+00 -7.8160514606E-18 -6.7043548910E-19 -2.4538184118E-17 1.1229316408E-17 2.2438462103E+00 4.0331873079E-02 3.0658400583E-17 -3.8255472408E-18 -4.0331873079E-02 2.2438462103E+00
324.00 2.3707331266E+00 -3.0153646098E-01 -2.2416410365E-17 2.2526118148E-17 -3.0153646098E-01 2.3707331266E+00 2.8612385234E-19 -5.6737211341E-18 -2.2208020608E-17 2.6311040398E-18 2.3511764605E+00 3.7690473086E-02 2.2341841372E-17 2.7897800322E-18 -3.7690473086E-02 2.3511764605E+00
326.00 2.4733977460E+00 -2.8025368294E-01 -2.4470036105E-17 2.3023622060E-17 -2.8025368294E-01 2.4733977460E+00 -5.1200337754E-18 -3.1823420476E-18 -2.4885872966E-17 7.9512238233E-18 2.4572209671E+00 3.4919937496E-02 2.3165895831E-17 4.6438091926E-19 -3.4919937496E-02 2.4572209671E+00
328.00 2.5745632251E+00 -2.5806707334E-01 -2.5150415547E-17 2.4114241766E-17 -2.5806707334E-01 2.5745632251E+00 -3.5648372224E-18 -4.3575856589E-18 -2.5337082608E-17 6.1405757981E-18 2.5613960624E+00 3.2053036081E-02 2.4116231771E-17 1.8735735414E-18 -3.2053036081E-02 2.5613960624E+00
330.00 2.6736362503E+00 -2.3523106466E-01 -1.8943103661E-17 1.9532328359E-17 -2.3523106466E-01 2.6736362503E+00 9.8762033520E-19 -6.4338298808E-18 -1.8720275888E-17 7.3339362524E-19 2.6631088875E+00 2.9123842241E-02 1.9245968914E-17 4.7259619090E-18 -2.9123842241E-02 2.6631088875E+00
332.00 2.7700124043E+00 -2.1201570109E-01 -2.3149762217E-17 2.1614700244E-17 -2.1201570109E-01 2.7700124043E+00 2.0675678763E-18 -2.6877386651E-19 -2.2852925270E-17 -3.0971695929E-19 2.7617627222E+00 2.6167329677E-02 2.1875160765E-17 -1.3868115408E-18 -2.6167329677E-02 2.7617627222E+00
334.00 2.8630822934E+00 -1.8870291683E-01 -2.6765629047E-17 1.7140945007E-17 -1.8870291683E-01 2.8630822934E+00 -9.1375784762E-19 -2.1488116633E-18 -2.6744960098E-17 2.6919010880E-18 2.8567625572E+00 2.3218951751E-02 1.7254300302E-17 9.9944434529E-19 -2.3218951751E-02 2.8567625572E+00
336.00 2.9522380209E+00 -1.6558248422E-01 -2.9701865602E-17 1.7514345942E-17 -1.6558248422E-01 2.9522380209E+00 1.4336188092E-18 3.0297106923E-18 -2.9545386111E-17 2.0493975468E-19 2.9475208406E+00 2.0314209003E-02 1.7916201116E-17 -4.0198729164E-18 -2.0314209003E-02 2.9475208406E+00
338.00 3.0368799144E+00 -1.4294770085E-01 -2.6261009831E-17 1.7153997170E-17 -1.4294770085E-01 3.0368799144E+00 -1.0079042256E-18 7.4690918785E-19 -2.6238002879E-17 2.2375071699E-18 3.0334633230E+00 1.7488210600E-02 1.7359779408E-17 -1.5690079148E-18 -1.7488210600E-02 3.0334633230E+00
340.00 3.1164234026E+00 -1.2109089272E-01 -2.8228341930E-17 1.1647257989E-17 -1.2109089272E-01 3.1164234026E+00 2.2276684997E-18 -1.8646369128E-18 -2.8107774966E-17 -1.1249727790E-18 3.1140349247E+00 1.4775235676E-02 1.1717047723E-17 1.4184950039E-18 -1.4775235676E-02 3.1140349247E+00
342.00 3.1903059304E+00 -1.0029881724E-01 -2.8117724242E-17 9.4782641463E-18 -1.0029881724E-01 3.1903059304E+00 2.7309288487E-18 -2.7689541371E-18 -2.8009552721E-17 -1.8383812866E-18 3.1887055421E+00 1.2208300683E-02 9.5031630022E-18 2.4792491901E-18 -1.2208300683E-02 3.1887055421E+00
344.00 3.2579937987E+00 -8.0848054458E-02 -2.8086476964E-17 9.3858281895E-18 -8.0848054458E-02 3.2579937987E+00 3.2611648133E-18 -3.7043553049E-18 -2.7986023146E-17 -2.5545005538E-18 3.2569757102E+00 9.8187388617E-03 9.3811775983E-18 3.4802294047E-18 -9.8187388617E-03 3.2569757102E+00
346.00 3.3189888085E+00 -6.3000477663E-02 -3.0562262336E-17 1.0040069537E-17 -6.3000477663E-02 3.3189888085E+00 4.9348364252E-19 3.6350705516E-19 -3.0535197164E-17 8.5384164220E-20 3.3183820373E+00 7.6357978909E-03 1.0119070006E-17 -5.5438372678E-19 -7.6357978909E-03 3.3183820373E+00
348.00 3.3728345944E+00 -4.6998895149E-02 -3.1725443135E-17 9.9566069953E-18 -4.6998895149E-02 3.3728345944E+00 -9.6594725827E-20 -1.3812891569E-19 -3.1713038846E-17 5.3872465780E-19 3.3725023309E+00 5.6862615891E-03 1.0009133259E-17 -1.5201982695E-21 -5.6862615891E-03 3.3725023309E+00
350.00 3.4191225301E+00 -3.3062953079E-02 -2.9373754684E-17 5.9751947887E-18 -3.3062953079E-02 3.4191225301E+00 6.6934735959E-18 2.3314123359E-18 -2.9303372137E-17 -6.4125156106E-18 3.4189603338E+00 3.9941012723E-03 6.0322569211E-18 -2.3818146447E-18 -3.9941012723E-03 3.4189603338E+00
352.00 3.4574970970E+00 -2.1385385605E-02 -3.3625639886E-17 -1.3615539955E-18 -2.1385385605E-02 3.4574970970E+00 7.0657088862E-18 1.8803674519E-18 -3.3583577371E-17 -6.8592531210E-18 3.4574299970E+00 2.5801619910E-03 -1.3248874274E-18 -1.8668634421E-18 -2.5801619910E-03 3.4574299970E+00
354.00 3.4876606167E+00 -1.2128692156E-02 -3.2150856802E-17 7.1784674879E-19 -1.2128692156E-02 3.4876606167E+00 4.6993625944E-18 1.8656180026E-18 -3.2134402170E-17 -4.5883651278E-18 3.4876392209E+00 1.4618883959E-03 7.3780861141E-19 -1.8662025759E-18 -1.4618883959E-03 3.4876392209E+00
356.00 3.5093772542E+00 -5.4223135546E-03 -3.5436013430E-17 1.0699172539E-18 -5.4223135546E-03 3.5093772542E+00 6.0682906618E-18 5.1197345936E-18 -3.5426478448E-17 -6.0144988979E-18 3.5093730044E+00 6.5309442262E-04 1.0844218930E-18 -5.1202746185E-18 -6.5309442262E-04 3.5093730044E+00
358.00 3.5224762159E+00 -1.3603684892E-03 -3.2771167777E-17 -5.1490293311E-18 -1.3603684892E-03 3.5224762159E+00 6.4421512891E-18 6.9558091350E-19 -3.2768921644E-17 -6.4295278957E-18 3.5224759494E+00 1.6378034069E-04 -5.1472374724E-18 -6.9329348208E-19 -1.6378034069E-04 3.5224759494E+00
