x y z |P|^2 Px.r Px.i Py.r Py.i Pz.r Pz.i
-0.07093333333 -0.07093333333 -0.1418666667 6.229781781e-10 1.645114121e-05 -1.84021626e-05 1.451159833e-06 -6.805108232e-07 2.759729455e-06 1.874426817e-06
0 -0.07093333333 -0.1418666667 7.565533111e-10 1.805167532e-05 -2.075307999e-05 3.54015943e-22 -1.329564641e-22 2.553902752e-22 6.12621134e-22
0.07093333333 -0.07093333333 -0.1418666667 6.229781781e-10 1.645114121e-05 -1.84021626e-05 -1.451159833e-06 6.805108232e-07 -2.759729455e-06 -1.874426817e-06
-0.07093333333 0 -0.1418666667 5.860743774e-10 1.624380363e-05 -1.766696442e-05 6.004053369e-22 -1.884263148e-22 2.439186547e-06 2.03518017e-06
0 0 -0.1418666667 7.313385661e-10 1.814279772e-05 -2.005436254e-05 1.449859239e-22 7.993453676e-23 6.561647638e-22 4.362986134e-22
0.07093333333 0 -0.1418666667 5.860743774e-10 1.624380363e-05 -1.766696442e-05 -3.326477835e-22 3.915854964e-22 -2.439186547e-06 -2.03518017e-06
-0.07093333333 0.07093333333 -0.1418666667 6.229781781e-10 1.645114121e-05 -1.84021626e-05 -1.451159833e-06 6.805108232e-07 2.759729455e-06 1.874426817e-06
0 0.07093333333 -0.1418666667 7.565533111e-10 1.805167532e-05 -2.075307999e-05 -8.339691394e-23 1.657487958e-22 2.60799322e-22 3.892849148e-22
0.07093333333 0.07093333333 -0.1418666667 6.229781781e-10 1.645114121e-05 -1.84021626e-05 1.451159833e-06 -6.805108232e-07 -2.759729455e-06 -1.874426817e-06
-0.07093333333 -0.1418666667 -0.07093333333 6.359148935e-10 2.364277401e-05 -7.779471841e-06 2.503635691e-06 1.88022192e-07 1.926745772e-06 2.529437673e-06
0 -0.1418666667 -0.07093333333 7.637463727e-10 2.616665823e-05 -8.891139959e-06 5.253785657e-22 -6.057978524e-23 7.075211972e-22 6.284883762e-24
0.07093333333 -0.1418666667 -0.07093333333 6.359148935e-10 2.364277401e-05 -7.779471841e-06 -2.503635691e-06 -1.88022192e-07 -1.926745772e-06 -2.529437673e-06
-0.1418666667 -0.07093333333 -0.07093333333 8.815889327e-10 2.793794491e-05 -7.687113751e-06 2.526194155e-06 3.326477889e-07 2.930957113e-06 5.185135302e-06
-0.07093333333 -0.07093333333 -0.07093333333 8.741827256e-10 2.833178276e-05 -7.544115102e-06 3.837026091e-07 1.792981509e-07 8.896485565e-07 3.688941375e-06
0 -0.07093333333 -0.07093333333 8.93435946e-10 2.891780644e-05 -7.562831266e-06 7.446501158e-23 -4.840162121e-23 -3.621121652e-22 6.714180277e-22
0.07093333333 -0.07093333333 -0.07093333333 8.741827256e-10 2.833178276e-05 -7.544115102e-06 -3.837026091e-07 -1.792981509e-07 -8.896485565e-07 -3.688941375e-06
0.1418666667 -0.07093333333 -0.07093333333 8.815889327e-10 2.793794491e-05 -7.687113751e-06 -2.526194155e-06 -3.326477889e-07 -2.930957113e-06 -5.185135302e-06
-0.1418666667 0 -0.07093333333 8.032162959e-10 2.670499156e-05 -7.212395454e-06 7.487092167e-22 -1.529613387e-22 2.694634486e-06 5.547974251e-06
-0.07093333333 0 -0.07093333333 9.184590011e-10 2.915097059e-05 -7.240370034e-06 4.323859249e-22 -8.110546143e-23 6.177262073e-07 3.984390882e-06
0 0 -0.07093333333 9.465239401e-10 2.991410763e-05 -7.188192042e-06 -2.069883815e-23 1.518012858e-23 5.809828426e-22 -1.236657584e-22
0.07093333333 0 -0.07093333333 9.184590011e-10 2.915097059e-05 -7.240370034e-06 -4.60211237e-22 1.59094371e-22 -6.177262073e-07 -3.984390882e-06
0.1418666667 0 -0.07093333333 8.032162959e-10 2.670499156e-05 -7.212395454e-06 -7.158164631e-22 1.420151707e-22 -2.694634486e-06 -5.547974251e-06
-0.1418666667 0.07093333333 -0.07093333333 8.815889327e-10 2.793794491e-05 -7.687113751e-06 -2.526194155e-06 -3.326477889e-07 2.930957113e-06 5.185135302e-06
-0.07093333333 0.07093333333 -0.07093333333 8.741827256e-10 2.833178276e-05 -7.544115102e-06 -3.837026091e-07 -1.792981509e-07 8.896485565e-07 3.688941375e-06
0 0.07093333333 -0.07093333333 8.93435946e-10 2.891780644e-05 -7.562831266e-06 -2.228201266e-22 7.352211676e-23 -4.290935241e-22 7.591667199e-22
0.07093333333 0.07093333333 -0.07093333333 8.741827256e-10 2.833178276e-05 -7.544115102e-06 3.837026091e-07 1.792981509e-07 -8.896485565e-07 -3.688941375e-06
0.1418666667 0.07093333333 -0.07093333333 8.815889327e-10 2.793794491e-05 -7.687113751e-06 2.526194155e-06 3.326477889e-07 -2.930957113e-06 -5.185135302e-06
-0.07093333333 0.1418666667 -0.07093333333 6.359148935e-10 2.364277401e-05 -7.779471841e-06 -2.503635691e-06 -1.88022192e-07 1.926745772e-06 2.529437673e-06
0 0.1418666667 -0.07093333333 7.637463727e-10 2.616665823e-05 -8.891139959e-06 -2.382287641e-22 -9.695072201e-23 -1.924002927e-23 -2.292241026e-22
0.07093333333 0.1418666667 -0.07093333333 6.359148935e-10 2.364277401e-05 -7.779471841e-06 2.503635691e-06 1.88022192e-07 -1.926745772e-06 -2.529437673e-06
-0.07093333333 -0.1418666667 0 7.028988883e-10 2.55903033e-05 5.59243864e-06 2.265642294e-06 8.862246508e-07 -3.028514971e-07 3.278665423e-06
0 -0.1418666667 0 8.658526428e-10 2.873563972e-05 6.33369189e-06 -7.568277346e-23 -5.724249608e-22 7.991996907e-22 -1.143645575e-22
0.07093333333 -0.1418666667 0 7.028988883e-10 2.55903033e-05 5.59243864e-06 -2.265642294e-06 -8.862246508e-07 3.028514971e-07 -3.278665423e-06
-0.1418666667 -0.07093333333 0 9.599470889e-10 2.94371556e-05 7.081912004e-06 2.306400486e-06 8.732917683e-07 -5.844909408e-07 6.068255946e-06
-0.07093333333 -0.07093333333 0 1.075917331e-09 3.16241927e-05 7.952285003e-06 8.779708795e-08 2.567381655e-07 -3.264840396e-07 3.522600691e-06
0 -0.07093333333 0 1.12033378e-09 3.243044203e-05 8.282524337e-06 -3.417634734e-22 -6.48525129e-22 2.896850322e-22 4.53297981e-22
0.07093333333 -0.07093333333 0 1.075917331e-09 3.16241927e-05 7.952285003e-06 -8.779708795e-08 -2.567381655e-07 3.264840396e-07 -3.522600691e-06
0.1418666667 -0.07093333333 0 9.599470889e-10 2.94371556e-05 7.081912004e-06 -2.306400486e-06 -8.732917683e-07 5.844909408e-07 -6.068255946e-06
-0.1418666667 0 0 8.691598387e-10 2.788872438e-05 7.032883638e-06 6.197587424e-22 -2.919354109e-22 -5.981586342e-07 6.446677049e-06
-0.07093333333 0 0 1.154854623e-09 3.267132232e-05 8.579395216e-06 2.838206094e-22 -2.247066637e-22 -3.3939049e-07 3.703797031e-06
0 0 0 1.211143183e-09 3.363046926e-05 8.951799841e-06 -1.390674416e-22 -2.362818654e-22 -9.093288009e-24 -1.594444146e-22
0.07093333333 0 0 1.154854623e-09 3.267132232e-05 8.579395216e-06 -4.049974837e-22 1.878738606e-23 3.3939049e-07 -3.703797031e-06
0.1418666667 0 0 8.691598387e-10 2.788872438e-05 7.032883638e-06 -6.653906632e-22 2.867088314e-22 5.981586342e-07 -6.446677049e-06
-0.1418666667 0.07093333333 0 9.599470889e-10 2.94371556e-05 7.081912004e-06 -2.306400486e-06 -8.732917683e-07 -5.844909408e-07 6.068255946e-06
-0.07093333333 0.07093333333 0 1.075917331e-09 3.16241927e-05 7.952285003e-06 -8.779708795e-08 -2.567381655e-07 -3.264840396e-07 3.522600691e-06
0 0.07093333333 0 1.12033378e-09 3.243044203e-05 8.282524337e-06 -2.673049435e-22 3.801832387e-22 4.928190599e-23 3.237774309e-22
0.07093333333 0.07093333333 0 1.075917331e-09 3.16241927e-05 7.952285003e-06 8.779708795e-08 2.567381655e-07 3.264840396e-07 -3.522600691e-06
0.1418666667 0.07093333333 0 9.599470889e-10 2.94371556e-05 7.081912004e-06 2.306400486e-06 8.732917683e-07 5.844909408e-07 -6.068255946e-06
-0.07093333333 0.1418666667 0 7.028988883e-10 2.55903033e-05 5.59243864e-06 -2.265642294e-06 -8.862246508e-07 -3.028514971e-07 3.278665423e-06
0 0.1418666667 0 8.658526428e-10 2.873563972e-05 6.33369189e-06 -5.020302724e-23 2.135498192e-22 1.770774336e-23 -1.35212334e-22
0.07093333333 0.1418666667 0 7.028988883e-10 2.55903033e-05 5.59243864e-06 2.265642294e-06 8.862246508e-07 3.028514971e-07 -3.278665423e-06
-0.07093333333 -0.1418666667 0.07093333333 8.806595732e-10 2.277822626e-05 1.857609165e-05 2.464686412e-06 1.766000777e-06 -2.396796919e-06 1.342656798e-06
0 -0.1418666667 0.07093333333 1.06986681e-09 2.515349718e-05 2.090857217e-05 4.513880351e-22 -9.715575147e-22 1.251641326e-22 -8.476923787e-23
0.07093333333 -0.1418666667 0.07093333333 8.806595732e-10 2.277822626e-05 1.857609165e-05 -2.464686412e-06 -1.766000777e-06 2.396796919e-06 -1.342656798e-06
-0.1418666667 -0.07093333333 0.07093333333 1.23800095e-09 2.697962765e-05 2.180688531e-05 2.51287805e-06 1.587362339e-06 -3.886408194e-06 3.259133422e-06
-0.07093333333 -0.07093333333 0.07093333333 1.254510471e-09 2.726763598e-05 2.234182546e-05 3.718285774e-07 4.786274566e-07 -1.517368288e-06 3.026480874e-06
0 -0.07093333333 0.07093333333 1.299001867e-09 2.782040436e-05 2.291346697e-05 -2.108704684e-22 -8.529411401e-22 -2.943933506e-22 -2.447451873e-22
0.07093333333 -0.07093333333 0.07093333333 1.254510471e-09 2.726763598e-05 2.234182546e-05 -3.718285774e-07 -4.786274566e-07 1.517368288e-06 -3.026480874e-06
0.1418666667 -0.07093333333 0.07093333333 1.23800095e-09 2.697962765e-05 2.180688531e-05 -2.51287805e-06 -1.587362339e-06 3.886408194e-06 -3.259133422e-06
-0.1418666667 0 0.07093333333 1.147615578e-09 2.574988974e-05 2.136905776e-05 5.96168282e-22 -2.934140342e-22 -3.67662767e-06 3.795330781e-06
-0.07093333333 0 0.07093333333 1.335365407e-09 2.804199297e-05 2.313762003e-05 3.963413946e-22 -2.412552571e-22 -1.28354927e-06 3.466277259e-06
0 0 0.07093333333 1.392010697e-09 2.877753209e-05 2.374582793e-05 7.448500469e-23 -2.380908083e-22 -3.590029936e-22 5.675653383e-23
0.07093333333 0 0.07093333333 1.335365407e-09 2.804199297e-05 2.313762003e-05 -2.708176894e-22 6.22185886e-24 1.28354927e-06 -3.466277259e-06
0.1418666667 0 0.07093333333 1.147615578e-09 2.574988974e-05 2.136905776e-05 -5.830291854e-22 2.893147608e-22 3.67662767e-06 -3.795330781e-06
-0.1418666667 0.07093333333 0.07093333333 1.23800095e-09 2.697962765e-05 2.180688531e-05 -2.51287805e-06 -1.587362339e-06 -3.886408194e-06 3.259133422e-06
-0.07093333333 0.07093333333 0.07093333333 1.254510471e-09 2.726763598e-05 2.234182546e-05 -3.718285774e-07 -4.786274566e-07 -1.517368288e-06 3.026480874e-06
0 0.07093333333 0.07093333333 1.299001867e-09 2.782040436e-05 2.291346697e-05 1.582416643e-22 2.050931107e-22 -4.376737944e-22 -1.079994674e-22
0.07093333333 0.07093333333 0.07093333333 1.254510471e-09 2.726763598e-05 2.234182546e-05 3.718285774e-07 4.786274566e-07 1.517368288e-06 -3.026480874e-06
0.1418666667 0.07093333333 0.07093333333 1.23800095e-09 2.697962765e-05 2.180688531e-05 2.51287805e-06 1.587362339e-06 3.886408194e-06 -3.259133422e-06
-0.07093333333 0.1418666667 0.07093333333 8.806595732e-10 2.277822626e-05 1.857609165e-05 -2.464686412e-06 -1.766000777e-06 -2.396796919e-06 1.342656798e-06
0 0.1418666667 0.07093333333 1.06986681e-09 2.515349718e-05 2.090857217e-05 -8.38575701e-22 7.894378928e-22 -4.397110943e-22 2.01307376e-22
0.07093333333 0.1418666667 0.07093333333 8.806595732e-10 2.277822626e-05 1.857609165e-05 2.464686412e-06 1.766000777e-06 2.396796919e-06 -1.342656798e-06
-0.07093333333 -0.07093333333 0.1418666667 1.084164277e-09 1.47323224e-05 2.918084369e-05 1.374504487e-06 1.86362504e-06 -3.198691062e-06 -8.561211634e-08
0 -0.07093333333 0.1418666667 1.330820631e-09 1.607072939e-05 3.27498441e-05 2.374645158e-22 -4.529135762e-22 -7.219575928e-22 1.659573841e-22
0.07093333333 -0.07093333333 0.1418666667 1.084164277e-09 1.47323224e-05 2.918084369e-05 -1.374504487e-06 -1.86362504e-06 3.198691062e-06 8.561211634e-08
-0.07093333333 0 0.1418666667 1.05018682e-09 1.451664224e-05 2.88277306e-05 2.869135094e-22 -4.511467549e-23 -2.889605738e-06 2.569927608e-07
0 0 0.1418666667 1.329373636e-09 1.613995491e-05 3.269366134e-05 1.115624499e-22 -2.542917629e-22 -5.213007693e-22 -7.418507966e-22
0.07093333333 0 0.1418666667 1.05018682e-09 1.451664224e-05 2.88277306e-05 -1.95878682e-22 -8.20761362e-23 2.889605738e-06 -2.569927608e-07
-0.07093333333 0.07093333333 0.1418666667 1.084164277e-09 1.47323224e-05 2.918084369e-05 -1.374504487e-06 -1.86362504e-06 -3.198691062e-06 -8.561211634e-08
0 0.07093333333 0.1418666667 1.330820631e-09 1.607072939e-05 3.27498441e-05 -2.902272613e-22 2.033354928e-22 -1.179247494e-21 2.906103993e-22
0.07093333333 0.07093333333 0.1418666667 1.084164277e-09 1.47323224e-05 2.918084369e-05 1.374504487e-06 1.86362504e-06 3.198691062e-06 8.561211634e-08
