x y z |P|^2 Px.r Px.i Py.r Py.i Pz.r Pz.i
-0.07093333333 -0.07093333333 -0.1418666667 6.229781781e-10 1.451159833e-06 -6.805108232e-07 1.645114121e-05 -1.84021626e-05 2.759729455e-06 1.874426817e-06
0 -0.07093333333 -0.1418666667 5.860743774e-10 2.312591961e-23 -3.027260919e-22 1.624380363e-05 -1.766696442e-05 2.439186547e-06 2.03518017e-06
0.07093333333 -0.07093333333 -0.1418666667 6.229781781e-10 -1.451159833e-06 6.805108232e-07 1.645114121e-05 -1.84021626e-05 2.759729455e-06 1.874426817e-06
-0.07093333333 0 -0.1418666667 7.565533111e-10 2.032098436e-22 7.108645896e-23 1.805167532e-05 -2.075307999e-05 4.110227247e-23 2.886191618e-22
0 0 -0.1418666667 7.313385661e-10 -9.457761525e-24 1.499912423e-22 1.814279772e-05 -2.005436254e-05 -6.21491494e-23 1.38752056e-22
0.07093333333 0 -0.1418666667 7.565533111e-10 -1.005361149e-22 3.508645952e-23 1.805167532e-05 -2.075307999e-05 4.975769862e-23 1.317090024e-22
-0.07093333333 0.07093333333 -0.1418666667 6.229781781e-10 -1.451159833e-06 6.805108232e-07 1.645114121e-05 -1.84021626e-05 -2.759729455e-06 -1.874426817e-06
0 0.07093333333 -0.1418666667 5.860743774e-10 1.461038726e-23 2.77103108e-22 1.624380363e-05 -1.766696442e-05 -2.439186547e-06 -2.03518017e-06
0.07093333333 0.07093333333 -0.1418666667 6.229781781e-10 1.451159833e-06 -6.805108232e-07 1.645114121e-05 -1.84021626e-05 -2.759729455e-06 -1.874426817e-06
-0.07093333333 -0.1418666667 -0.07093333333 8.815889327e-10 2.526194155e-06 3.326477889e-07 2.793794491e-05 -7.687113751e-06 2.930957113e-06 5.185135302e-06
0 -0.1418666667 -0.07093333333 8.032162959e-10 8.587963294e-22 -4.827958226e-22 2.670499156e-05 -7.212395454e-06 2.694634486e-06 5.547974251e-06
0.07093333333 -0.1418666667 -0.07093333333 8.815889327e-10 -2.526194155e-06 -3.326477889e-07 2.793794491e-05 -7.687113751e-06 2.930957113e-06 5.185135302e-06
-0.1418666667 -0.07093333333 -0.07093333333 6.359148935e-10 2.503635691e-06 1.88022192e-07 2.364277401e-05 -7.779471841e-06 1.926745772e-06 2.529437673e-06
-0.07093333333 -0.07093333333 -0.07093333333 8.741827256e-10 3.837026091e-07 1.792981509e-07 2.833178276e-05 -7.544115102e-06 8.896485565e-07 3.688941375e-06
0 -0.07093333333 -0.07093333333 9.184590011e-10 -1.514032951e-22 -3.512071686e-22 2.915097059e-05 -7.240370034e-06 6.177262073e-07 3.984390882e-06
0.07093333333 -0.07093333333 -0.07093333333 8.741827256e-10 -3.837026091e-07 -1.792981509e-07 2.833178276e-05 -7.544115102e-06 8.896485565e-07 3.688941375e-06
0.1418666667 -0.07093333333 -0.07093333333 6.359148935e-10 -2.503635691e-06 -1.88022192e-07 2.364277401e-05 -7.779471841e-06 1.926745772e-06 2.529437673e-06
-0.1418666667 0 -0.07093333333 7.637463727e-10 4.055218733e-22 -8.448998596e-23 2.616665823e-05 -8.891139959e-06 1.750644848e-22 -1.46496181e-24
-0.07093333333 0 -0.07093333333 8.93435946e-10 1.245680613e-22 -4.763323345e-23 2.891780644e-05 -7.562831266e-06 1.186246164e-22 2.046773516e-22
0 0 -0.07093333333 9.465239401e-10 -8.241681871e-23 6.475665118e-23 2.991410763e-05 -7.188192042e-06 7.38332985e-23 2.691131571e-22
0.07093333333 0 -0.07093333333 8.93435946e-10 -8.609355216e-23 1.081646897e-22 2.891780644e-05 -7.562831266e-06 7.663746358e-23 1.848928955e-22
0.1418666667 0 -0.07093333333 7.637463727e-10 -5.062449035e-22 -2.296914877e-23 2.616665823e-05 -8.891139959e-06 5.052217041e-24 9.035509931e-23
-0.1418666667 0.07093333333 -0.07093333333 6.359148935e-10 -2.503635691e-06 -1.88022192e-07 2.364277401e-05 -7.779471841e-06 -1.926745772e-06 -2.529437673e-06
-0.07093333333 0.07093333333 -0.07093333333 8.741827256e-10 -3.837026091e-07 -1.792981509e-07 2.833178276e-05 -7.544115102e-06 -8.896485565e-07 -3.688941375e-06
0 0.07093333333 -0.07093333333 9.184590011e-10 -5.019017809e-22 1.435087319e-22 2.915097059e-05 -7.240370034e-06 -6.177262073e-07 -3.984390882e-06
0.07093333333 0.07093333333 -0.07093333333 8.741827256e-10 3.837026091e-07 1.792981509e-07 2.833178276e-05 -7.544115102e-06 -8.896485565e-07 -3.688941375e-06
0.1418666667 0.07093333333 -0.07093333333 6.359148935e-10 2.503635691e-06 1.88022192e-07 2.364277401e-05 -7.779471841e-06 -1.926745772e-06 -2.529437673e-06
-0.07093333333 0.1418666667 -0.07093333333 8.815889327e-10 -2.526194155e-06 -3.326477889e-07 2.793794491e-05 -7.687113751e-06 -2.930957113e-06 -5.185135302e-06
0 0.1418666667 -0.07093333333 8.032162959e-10 -8.677468327e-23 -1.807182036e-22 2.670499156e-05 -7.212395454e-06 -2.694634486e-06 -5.547974251e-06
0.07093333333 0.1418666667 -0.07093333333 8.815889327e-10 2.526194155e-06 3.326477889e-07 2.793794491e-05 -7.687113751e-06 -2.930957113e-06 -5.185135302e-06
-0.07093333333 -0.1418666667 0 9.599470889e-10 2.306400486e-06 8.732917683e-07 2.94371556e-05 7.081912004e-06 -5.844909408e-07 6.068255946e-06
0 -0.1418666667 0 8.691598387e-10 -4.425764022e-22 -7.421841642e-22 2.788872438e-05 7.032883638e-06 -5.981586342e-07 6.446677049e-06
0.07093333333 -0.1418666667 0 9.599470889e-10 -2.306400486e-06 -8.732917683e-07 2.94371556e-05 7.081912004e-06 -5.844909408e-07 6.068255946e-06
-0.1418666667 -0.07093333333 0 7.028988883e-10 2.265642294e-06 8.862246508e-07 2.55903033e-05 5.59243864e-06 -3.028514971e-07 3.278665423e-06
-0.07093333333 -0.07093333333 0 1.075917331e-09 8.779708795e-08 2.567381655e-07 3.16241927e-05 7.952285003e-06 -3.264840396e-07 3.522600691e-06
0 -0.07093333333 0 1.154854623e-09 -6.576872444e-22 -6.700740674e-22 3.267132232e-05 8.579395216e-06 -3.3939049e-07 3.703797031e-06
0.07093333333 -0.07093333333 0 1.075917331e-09 -8.779708795e-08 -2.567381655e-07 3.16241927e-05 7.952285003e-06 -3.264840396e-07 3.522600691e-06
0.1418666667 -0.07093333333 0 7.028988883e-10 -2.265642294e-06 -8.862246508e-07 2.55903033e-05 5.59243864e-06 -3.028514971e-07 3.278665423e-06
-0.1418666667 0 0 8.658526428e-10 3.206410061e-22 -2.131079881e-22 2.873563972e-05 6.33369189e-06 3.314982404e-22 2.105875252e-23
-0.07093333333 0 0 1.12033378e-09 -1.030226358e-22 -3.65974828e-23 3.243044203e-05 8.282524337e-06 2.104617044e-22 7.868938706e-23
0 0 0 1.211143183e-09 -3.38058964e-22 2.991609405e-24 3.363046926e-05 8.951799841e-06 1.671386723e-22 2.160803056e-22
0.07093333333 0 0 1.12033378e-09 -4.706363932e-22 5.532512145e-23 3.243044203e-05 8.282524337e-06 -5.82927749e-23 1.832582957e-22
0.1418666667 0 0 8.658526428e-10 -5.970274227e-22 2.058047338e-23 2.873563972e-05 6.33369189e-06 -2.231680788e-22 1.279776128e-22
-0.1418666667 0.07093333333 0 7.028988883e-10 -2.265642294e-06 -8.862246508e-07 2.55903033e-05 5.59243864e-06 3.028514971e-07 -3.278665423e-06
-0.07093333333 0.07093333333 0 1.075917331e-09 -8.779708795e-08 -2.567381655e-07 3.16241927e-05 7.952285003e-06 3.264840396e-07 -3.522600691e-06
0 0.07093333333 0 1.154854623e-09 -5.486733235e-22 3.898422195e-22 3.267132232e-05 8.579395216e-06 3.3939049e-07 -3.703797031e-06
0.07093333333 0.07093333333 0 1.075917331e-09 8.779708795e-08 2.567381655e-07 3.16241927e-05 7.952285003e-06 3.264840396e-07 -3.522600691e-06
0.1418666667 0.07093333333 0 7.028988883e-10 2.265642294e-06 8.862246508e-07 2.55903033e-05 5.59243864e-06 3.028514971e-07 -3.278665423e-06
-0.07093333333 0.1418666667 0 9.599470889e-10 -2.306400486e-06 -8.732917683e-07 2.94371556e-05 7.081912004e-06 5.844909408e-07 -6.068255946e-06
0 0.1418666667 0 8.691598387e-10 4.425001553e-22 2.940936157e-22 2.788872438e-05 7.032883638e-06 5.981586342e-07 -6.446677049e-06
0.07093333333 0.1418666667 0 9.599470889e-10 2.306400486e-06 8.732917683e-07 2.94371556e-05 7.081912004e-06 5.844909408e-07 -6.068255946e-06
-0.07093333333 -0.1418666667 0.07093333333 1.23800095e-09 2.51287805e-06 1.587362339e-06 2.697962765e-05 2.180688531e-05 -3.886408194e-06 3.259133422e-06
0 -0.1418666667 0.07093333333 1.147615578e-09 8.054173555e-22 -1.16555332e-21 2.574988974e-05 2.136905776e-05 -3.67662767e-06 3.795330781e-06
0.07093333333 -0.1418666667 0.07093333333 1.23800095e-09 -2.51287805e-06 -1.587362339e-06 2.697962765e-05 2.180688531e-05 -3.886408194e-06 3.259133422e-06
-0.1418666667 -0.07093333333 0.07093333333 8.806595732e-10 2.464686412e-06 1.766000777e-06 2.277822626e-05 1.857609165e-05 -2.396796919e-06 1.342656798e-06
-0.07093333333 -0.07093333333 0.07093333333 1.254510471e-09 3.718285774e-07 4.786274566e-07 2.726763598e-05 2.234182546e-05 -1.517368288e-06 3.026480874e-06
0 -0.07093333333 0.07093333333 1.335365407e-09 -6.888078437e-22 -1.126714148e-21 2.804199297e-05 2.313762003e-05 -1.28354927e-06 3.466277259e-06
0.07093333333 -0.07093333333 0.07093333333 1.254510471e-09 -3.718285774e-07 -4.786274566e-07 2.726763598e-05 2.234182546e-05 -1.517368288e-06 3.026480874e-06
0.1418666667 -0.07093333333 0.07093333333 8.806595732e-10 -2.464686412e-06 -1.766000777e-06 2.277822626e-05 1.857609165e-05 -2.396796919e-06 1.342656798e-06
-0.1418666667 0 0.07093333333 1.06986681e-09 2.501294418e-22 -2.154965048e-22 2.515349718e-05 2.090857217e-05 9.211669381e-23 3.668083728e-23
-0.07093333333 0 0.07093333333 1.299001867e-09 -1.780333841e-22 -1.191658624e-22 2.782040436e-05 2.291346697e-05 -6.688756135e-23 1.338169433e-22
0 0 0.07093333333 1.392010697e-09 -4.663694966e-22 2.710338203e-23 2.877753209e-05 2.374582793e-05 -3.916593743e-23 6.497379861e-23
0.07093333333 0 0.07093333333 1.299001867e-09 -6.021838778e-22 2.300335768e-23 2.782040436e-05 2.291346697e-05 -8.452158054e-23 1.017563242e-22
0.1418666667 0 0.07093333333 1.06986681e-09 -5.023392231e-22 -2.411924656e-23 2.515349718e-05 2.090857217e-05 -7.804865245e-23 -5.815777683e-24
-0.1418666667 0.07093333333 0.07093333333 8.806595732e-10 -2.464686412e-06 -1.766000777e-06 2.277822626e-05 1.857609165e-05 2.396796919e-06 -1.342656798e-06
-0.07093333333 0.07093333333 0.07093333333 1.254510471e-09 -3.718285774e-07 -4.786274566e-07 2.726763598e-05 2.234182546e-05 1.517368288e-06 -3.026480874e-06
0 0.07093333333 0.07093333333 1.335365407e-09 -8.610096272e-23 3.510050623e-22 2.804199297e-05 2.313762003e-05 1.28354927e-06 -3.466277259e-06
0.07093333333 0.07093333333 0.07093333333 1.254510471e-09 3.718285774e-07 4.786274566e-07 2.726763598e-05 2.234182546e-05 1.517368288e-06 -3.026480874e-06
0.1418666667 0.07093333333 0.07093333333 8.806595732e-10 2.464686412e-06 1.766000777e-06 2.277822626e-05 1.857609165e-05 2.396796919e-06 -1.342656798e-06
-0.07093333333 0.1418666667 0.07093333333 1.23800095e-09 -2.51287805e-06 -1.587362339e-06 2.697962765e-05 2.180688531e-05 3.886408194e-06 -3.259133422e-06
0 0.1418666667 0.07093333333 1.147615578e-09 -6.855833515e-22 1.099329559e-21 2.574988974e-05 2.136905776e-05 3.67662767e-06 -3.795330781e-06
0.07093333333 0.1418666667 0.07093333333 1.23800095e-09 2.51287805e-06 1.587362339e-06 2.697962765e-05 2.180688531e-05 3.886408194e-06 -3.259133422e-06
-0.07093333333 -0.07093333333 0.1418666667 1.084164277e-09 1.374504487e-06 1.86362504e-06 1.47323224e-05 2.918084369e-05 -3.198691062e-06 -8.561211634e-08
0 -0.07093333333 0.1418666667 1.05018682e-09 -9.395585869e-23 -5.054092123e-22 1.451664224e-05 2.88277306e-05 -2.889605738e-06 2.569927608e-07
0.07093333333 -0.07093333333 0.1418666667 1.084164277e-09 -1.374504487e-06 -1.86362504e-06 1.47323224e-05 2.918084369e-05 -3.198691062e-06 -8.561211634e-08
-0.07093333333 0 0.1418666667 1.330820631e-09 -1.318779249e-22 -1.34647218e-22 1.607072939e-05 3.27498441e-05 -2.245881851e-22 3.823245765e-23
0 0 0.1418666667 1.329373636e-09 -3.30988929e-22 -6.486223983e-23 1.613995491e-05 3.269366134e-05 -1.642448018e-22 -1.225097264e-22
0.07093333333 0 0.1418666667 1.330820631e-09 -4.034605953e-22 -3.110944972e-23 1.607072939e-05 3.27498441e-05 -3.45103941e-23 -1.967068788e-22
-0.07093333333 0.07093333333 0.1418666667 1.084164277e-09 -1.374504487e-06 -1.86362504e-06 1.47323224e-05 2.918084369e-05 3.198691062e-06 8.561211634e-08
0 0.07093333333 0.1418666667 1.05018682e-09 -4.862837204e-22 3.439929903e-22 1.451664224e-05 2.88277306e-05 2.889605738e-06 -2.569927608e-07
0.07093333333 0.07093333333 0.1418666667 1.084164277e-09 1.374504487e-06 1.86362504e-06 1.47323224e-05 2.918084369e-05 3.198691062e-06 8.561211634e-08
