x y z |Einc|^2 Eincx.r Eincx.i Eincy.r Eincy.i Eincz.r Eincz.i
-0.07093333333 -0.07093333333 -0.1418666667 1 0.6691306064 -0.7431448255 0 -0 0 -0
0 -0.07093333333 -0.1418666667 1 0.6691306064 -0.7431448255 0 -0 0 -0
0.07093333333 -0.07093333333 -0.1418666667 1 0.6691306064 -0.7431448255 0 -0 0 -0
-0.07093333333 0 -0.1418666667 1 0.6691306064 -0.7431448255 0 -0 0 -0
0 0 -0.1418666667 1 0.6691306064 -0.7431448255 0 -0 0 -0
0.07093333333 0 -0.1418666667 1 0.6691306064 -0.7431448255 0 -0 0 -0
-0.07093333333 0.07093333333 -0.1418666667 1 0.6691306064 -0.7431448255 0 -0 0 -0
0 0.07093333333 -0.1418666667 1 0.6691306064 -0.7431448255 0 -0 0 -0
0.07093333333 0.07093333333 -0.1418666667 1 0.6691306064 -0.7431448255 0 -0 0 -0
-0.07093333333 -0.1418666667 -0.07093333333 1 0.9135454576 -0.4067366431 0 -0 0 -0
0 -0.1418666667 -0.07093333333 1 0.9135454576 -0.4067366431 0 -0 0 -0
0.07093333333 -0.1418666667 -0.07093333333 1 0.9135454576 -0.4067366431 0 -0 0 -0
-0.1418666667 -0.07093333333 -0.07093333333 1 0.9135454576 -0.4067366431 0 -0 0 -0
-0.07093333333 -0.07093333333 -0.07093333333 1 0.9135454576 -0.4067366431 0 -0 0 -0
0 -0.07093333333 -0.07093333333 1 0.9135454576 -0.4067366431 0 -0 0 -0
0.07093333333 -0.07093333333 -0.07093333333 1 0.9135454576 -0.4067366431 0 -0 0 -0
0.1418666667 -0.07093333333 -0.07093333333 1 0.9135454576 -0.4067366431 0 -0 0 -0
-0.1418666667 0 -0.07093333333 1 0.9135454576 -0.4067366431 0 -0 0 -0
-0.07093333333 0 -0.07093333333 1 0.9135454576 -0.4067366431 0 -0 0 -0
0 0 -0.07093333333 1 0.9135454576 -0.4067366431 0 -0 0 -0
0.07093333333 0 -0.07093333333 1 0.9135454576 -0.4067366431 0 -0 0 -0
0.1418666667 0 -0.07093333333 1 0.9135454576 -0.4067366431 0 -0 0 -0
-0.1418666667 0.07093333333 -0.07093333333 1 0.9135454576 -0.4067366431 0 -0 0 -0
-0.07093333333 0.07093333333 -0.07093333333 1 0.9135454576 -0.4067366431 0 -0 0 -0
0 0.07093333333 -0.07093333333 1 0.9135454576 -0.4067366431 0 -0 0 -0
0.07093333333 0.07093333333 -0.07093333333 1 0.9135454576 -0.4067366431 0 -0 0 -0
0.1418666667 0.07093333333 -0.07093333333 1 0.9135454576 -0.4067366431 0 -0 0 -0
-0.07093333333 0.1418666667 -0.07093333333 1 0.9135454576 -0.4067366431 0 -0 0 -0
0 0.1418666667 -0.07093333333 1 0.9135454576 -0.4067366431 0 -0 0 -0
0.07093333333 0.1418666667 -0.07093333333 1 0.9135454576 -0.4067366431 0 -0 0 -0
-0.07093333333 -0.1418666667 0 1 1 0 0 0 0 0
0 -0.1418666667 0 1 1 0 0 0 0 0
0.07093333333 -0.1418666667 0 1 1 0 0 0 0 0
-0.1418666667 -0.07093333333 0 1 1 0 0 0 0 0
-0.07093333333 -0.07093333333 0 1 1 0 0 0 0 0
0 -0.07093333333 0 1 1 0 0 0 0 0
0.07093333333 -0.07093333333 0 1 1 0 0 0 0 0
0.1418666667 -0.07093333333 0 1 1 0 0 0 0 0
-0.1418666667 0 0 1 1 0 0 0 0 0
-0.07093333333 0 0 1 1 0 0 0 0 0
0 0 0 1 1 0 0 0 0 0
0.07093333333 0 0 1 1 0 0 0 0 0
0.1418666667 0 0 1 1 0 0 0 0 0
-0.1418666667 0.07093333333 0 1 1 0 0 0 0 0
-0.07093333333 0.07093333333 0 1 1 0 0 0 0 0
0 0.07093333333 0 1 1 0 0 0 0 0
0.07093333333 0.07093333333 0 1 1 0 0 0 0 0
0.1418666667 0.07093333333 0 1 1 0 0 0 0 0
-0.07093333333 0.1418666667 0 1 1 0 0 0 0 0
0 0.1418666667 0 1 1 0 0 0 0 0
0.07093333333 0.1418666667 0 1 1 0 0 0 0 0
-0.07093333333 -0.1418666667 0.07093333333 1 0.9135454576 0.4067366431 0 0 0 0
0 -0.1418666667 0.07093333333 1 0.9135454576 0.4067366431 0 0 0 0
0.07093333333 -0.1418666667 0.07093333333 1 0.9135454576 0.4067366431 0 0 0 0
-0.1418666667 -0.07093333333 0.07093333333 1 0.9135454576 0.4067366431 0 0 0 0
-0.07093333333 -0.07093333333 0.07093333333 1 0.9135454576 0.4067366431 0 0 0 0
0 -0.07093333333 0.07093333333 1 0.9135454576 0.4067366431 0 0 0 0
0.07093333333 -0.07093333333 0.07093333333 1 0.9135454576 0.4067366431 0 0 0 0
0.1418666667 -0.07093333333 0.07093333333 1 0.9135454576 0.4067366431 0 0 0 0
-0.1418666667 0 0.07093333333 1 0.9135454576 0.4067366431 0 0 0 0
-0.07093333333 0 0.07093333333 1 0.9135454576 0.4067366431 0 0 0 0
0 0 0.07093333333 1 0.9135454576 0.4067366431 0 0 0 0
0.07093333333 0 0.07093333333 1 0.9135454576 0.4067366431 0 0 0 0
0.1418666667 0 0.07093333333 1 0.9135454576 0.4067366431 0 0 0 0
-0.1418666667 0.07093333333 0.07093333333 1 0.9135454576 0.4067366431 0 0 0 0
-0.07093333333 0.07093333333 0.07093333333 1 0.9135454576 0.4067366431 0 0 0 0
0 0.07093333333 0.07093333333 1 0.9135454576 0.4067366431 0 0 0 0
0.07093333333 0.07093333333 0.07093333333 1 0.9135454576 0.4067366431 0 0 0 0
0.1418666667 0.07093333333 0.07093333333 1 0.9135454576 0.4067366431 0 0 0 0
-0.07093333333 0.1418666667 0.07093333333 1 0.9135454576 0.4067366431 0 0 0 0
0 0.1418666667 0.07093333333 1 0.9135454576 0.4067366431 0 0 0 0
0.07093333333 0.1418666667 0.07093333333 1 0.9135454576 0.4067366431 0 0 0 0
-0.07093333333 -0.07093333333 0.1418666667 1 0.6691306064 0.7431448255 0 0 0 0
0 -0.07093333333 0.1418666667 1 0.6691306064 0.7431448255 0 0 0 0
0.07093333333 -0.07093333333 0.1418666667 1 0.6691306064 0.7431448255 0 0 0 0
-0.07093333333 0 0.1418666667 1 0.6691306064 0.7431448255 0 0 0 0
0 0 0.1418666667 1 0.6691306064 0.7431448255 0 0 0 0
0.07093333333 0 0.1418666667 1 0.6691306064 0.7431448255 0 0 0 0
-0.07093333333 0.07093333333 0.1418666667 1 0.6691306064 0.7431448255 0 0 0 0
0 0.07093333333 0.1418666667 1 0.6691306064 0.7431448255 0 0 0 0
0.07093333333 0.07093333333 0.1418666667 1 0.6691306064 0.7431448255 0 0 0 0
