x y z |E|^2 Ex.r Ex.i Ey.r Ey.i Ez.r Ez.i
-0.07093333333 -0.07093333333 -0.1418666667 0.4942769099 0.463387991 -0.5183434419 0.04087558614 -0.01916830809 0.07773475841 0.05279797101
0 -0.07093333333 -0.1418666667 0.600256712 0.5084710814 -0.5845629747 9.971754206e-18 -3.745055009e-18 7.193712885e-18 1.725602333e-17
0.07093333333 -0.07093333333 -0.1418666667 0.4942769099 0.463387991 -0.5183434419 -0.04087558614 0.01916830809 -0.07773475841 -0.05279797101
-0.07093333333 0 -0.1418666667 0.4649970777 0.4575478036 -0.497634726 1.691193451e-17 -5.307503617e-18 0.06870585688 0.05732599568
0 0 -0.1418666667 0.5802510895 0.511037774 -0.564881831 4.083895162e-18 2.251558352e-18 1.848253977e-17 1.228945368e-17
0.07093333333 0 -0.1418666667 0.4649970777 0.4575478036 -0.497634726 -9.369865962e-18 1.102999568e-17 -0.06870585688 -0.05732599568
-0.07093333333 0.07093333333 -0.1418666667 0.4942769099 0.463387991 -0.5183434419 -0.04087558614 0.01916830809 0.07773475841 0.05279797101
0 0.07093333333 -0.1418666667 0.600256712 0.5084710814 -0.5845629747 -2.34908496e-18 4.66873395e-18 7.346072366e-18 1.096519398e-17
0.07093333333 0.07093333333 -0.1418666667 0.4942769099 0.463387991 -0.5183434419 0.04087558614 -0.01916830809 -0.07773475841 -0.05279797101
-0.07093333333 -0.1418666667 -0.07093333333 0.5045410249 0.6659585138 -0.2191284958 0.07052122999 0.005296120476 0.05427166668 0.07124800805
0 -0.1418666667 -0.07093333333 0.6059637566 0.7370500947 -0.2504414393 1.479861579e-17 -1.706382835e-18 1.992912357e-17 1.770296433e-19
0.07093333333 -0.1418666667 -0.07093333333 0.5045410249 0.6659585138 -0.2191284958 -0.07052122999 -0.005296120476 -0.05427166668 -0.07124800805
-0.1418666667 -0.07093333333 -0.07093333333 0.699461183 0.7869428629 -0.2165269966 0.07115664616 0.009369866114 0.08255781836 0.146052447
-0.07093333333 -0.07093333333 -0.07093333333 0.6935850267 0.7980363018 -0.2124990781 0.01080795422 0.005050385797 0.02505920118 0.1039083618
0 -0.07093333333 -0.07093333333 0.708860718 0.8145431406 -0.2130262662 2.097495345e-18 -1.363354051e-18 -1.019980478e-17 1.891218651e-17
0.07093333333 -0.07093333333 -0.07093333333 0.6935850267 0.7980363018 -0.2124990781 -0.01080795422 -0.005050385797 -0.02505920118 -0.1039083618
0.1418666667 -0.07093333333 -0.07093333333 0.699461183 0.7869428629 -0.2165269966 -0.07115664616 -0.009369866114 -0.08255781836 -0.146052447
-0.1418666667 0 -0.07093333333 0.6372795753 0.7522136143 -0.2031553554 2.108928829e-17 -4.308542885e-18 0.07590119401 0.1562727235
-0.07093333333 0 -0.07093333333 0.7287142518 0.8211107986 -0.2039433302 1.217924291e-17 -2.284540406e-18 0.01739982063 0.1122304442
0 0 -0.07093333333 0.7509812458 0.8426064829 -0.2024736051 -5.830351159e-19 4.275867062e-19 1.636485085e-17 -3.483358789e-18
0.07093333333 0 -0.07093333333 0.7287142518 0.8211107986 -0.2039433302 -1.296301319e-17 4.481295248e-18 -0.01739982063 -0.1122304442
0.1418666667 0 -0.07093333333 0.6372795753 0.7522136143 -0.2031553554 -2.016278071e-17 4.000216386e-18 -0.07590119401 -0.1562727235
-0.1418666667 0.07093333333 -0.07093333333 0.699461183 0.7869428629 -0.2165269966 -0.07115664616 -0.009369866114 0.08255781836 0.146052447
-0.07093333333 0.07093333333 -0.07093333333 0.6935850267 0.7980363018 -0.2124990781 -0.01080795422 -0.005050385797 0.02505920118 0.1039083618
0 0.07093333333 -0.07093333333 0.708860718 0.8145431406 -0.2130262662 -6.276292293e-18 2.070936328e-18 -1.208650412e-17 2.138385031e-17
0.07093333333 0.07093333333 -0.07093333333 0.6935850267 0.7980363018 -0.2124990781 0.01080795422 0.005050385797 -0.02505920118 -0.1039083618
0.1418666667 0.07093333333 -0.07093333333 0.699461183 0.7869428629 -0.2165269966 0.07115664616 0.009369866114 -0.08255781836 -0.146052447
-0.07093333333 0.1418666667 -0.07093333333 0.5045410249 0.6659585138 -0.2191284958 -0.07052122999 -0.005296120476 0.05427166668 0.07124800805
0 0.1418666667 -0.07093333333 0.6059637566 0.7370500947 -0.2504414393 -6.710315531e-18 -2.730862237e-18 -5.41944075e-19 -6.456676471e-18
0.07093333333 0.1418666667 -0.07093333333 0.5045410249 0.6659585138 -0.2191284958 0.07052122999 0.005296120476 -0.05427166668 -0.07124800805
-0.07093333333 -0.1418666667 0 0.5576867741 0.7208156008 0.1575251755 0.06381754417 0.02496275822 -0.008530578212 0.09235190215
0 -0.1418666667 0 0.6869758585 0.8094119542 0.1784044476 -2.131796688e-18 -1.612379647e-17 2.251148016e-17 -3.221366948e-18
0.07093333333 -0.1418666667 0 0.5576867741 0.7208156008 0.1575251755 -0.06381754417 -0.02496275822 0.008530578212 -0.09235190215
-0.1418666667 -0.07093333333 0 0.7616313018 0.8291719229 0.1994799591 0.0649656017 0.02459847088 -0.0164636653 0.1709277731
-0.07093333333 -0.07093333333 0 0.8536432129 0.8907753529 0.2239962154 0.002473026988 0.007231679626 -0.00919624853 0.09922295579
0 -0.07093333333 0 0.888883653 0.9134854041 0.2332982413 -9.626632418e-18 -1.826735013e-17 8.159711437e-18 1.276828386e-17
0.07093333333 -0.07093333333 0 0.8536432129 0.8907753529 0.2239962154 -0.002473026988 -0.007231679626 0.00919624853 -0.09922295579
0.1418666667 -0.07093333333 0 0.7616313018 0.8291719229 0.1994799591 -0.0649656017 -0.02459847088 0.0164636653 -0.1709277731
-0.1418666667 0 0 0.6895998197 0.7855564423 0.1980989512 1.745707212e-17 -8.223099044e-18 -0.01684865045 0.1815869603
-0.07093333333 0 0 0.9162728235 0.9202704065 0.2416603603 7.99452514e-18 -6.329431381e-18 -0.009559791341 0.1043268089
0 0 0 0.9609327115 0.9472872054 0.2521500782 -3.917186142e-18 -6.655476206e-18 -2.561354503e-19 -4.491155111e-18
0.07093333333 0 0 0.9162728235 0.9202704065 0.2416603603 -1.140777821e-17 5.291942346e-19 0.009559791341 -0.1043268089
0.1418666667 0 0 0.6895998197 0.7855564423 0.1980989512 -1.874241055e-17 8.075879214e-18 0.01684865045 -0.1815869603
-0.1418666667 0.07093333333 0 0.7616313018 0.8291719229 0.1994799591 -0.0649656017 -0.02459847088 -0.0164636653 0.1709277731
-0.07093333333 0.07093333333 0 0.8536432129 0.8907753529 0.2239962154 -0.002473026988 -0.007231679626 -0.00919624853 0.09922295579
0 0.07093333333 0 0.888883653 0.9134854041 0.2332982413 -7.529319648e-18 1.070882226e-17 1.388149498e-18 9.120010053e-18
0.07093333333 0.07093333333 0 0.8536432129 0.8907753529 0.2239962154 0.002473026988 0.007231679626 0.00919624853 -0.09922295579
0.1418666667 0.07093333333 0 0.7616313018 0.8291719229 0.1994799591 0.0649656017 0.02459847088 0.0164636653 -0.1709277731
-0.07093333333 0.1418666667 0 0.5576867741 0.7208156008 0.1575251755 -0.06381754417 -0.02496275822 -0.008530578212 0.09235190215
0 0.1418666667 0 0.6869758585 0.8094119542 0.1784044476 -1.414095207e-18 6.015170644e-18 4.987833681e-19 -3.808597287e-18
0.07093333333 0.1418666667 0 0.5576867741 0.7208156008 0.1575251755 0.06381754417 0.02496275822 0.008530578212 -0.09235190215
-0.07093333333 -0.1418666667 0.07093333333 0.6987238202 0.6416063401 0.5232425934 0.06942412505 0.04974387743 -0.06751184581 0.0378193238
0 -0.1418666667 0.07093333333 0.8488426715 0.7085118517 0.588942805 1.27144854e-17 -2.73663741e-17 3.525564289e-18 -2.387739934e-18
0.07093333333 -0.1418666667 0.07093333333 0.6987238202 0.6416063401 0.5232425934 -0.06942412505 -0.04974387743 0.06751184581 -0.0378193238
-0.1418666667 -0.07093333333 0.07093333333 0.9822419236 0.7599494341 0.6142460663 0.0707815644 0.04471207413 -0.1094705141 0.09180173396
-0.07093333333 -0.07093333333 0.07093333333 0.995340737 0.768061917 0.6293140081 0.0104734921 0.01348175258 -0.04274051468 0.08524848665
0 -0.07093333333 0.07093333333 1.030640641 0.783632036 0.6454157368 -5.939699955e-18 -2.402524398e-17 -8.292333129e-18 -6.893867068e-18
0.07093333333 -0.07093333333 0.07093333333 0.995340737 0.768061917 0.6293140081 -0.0104734921 -0.01348175258 0.04274051468 -0.08524848665
0.1418666667 -0.07093333333 0.07093333333 0.9822419236 0.7599494341 0.6142460663 -0.0707815644 -0.04471207413 0.1094705141 -0.09180173396
-0.1418666667 0 0.07093333333 0.9105292957 0.7253107564 0.6019135461 1.679258715e-17 -8.264748208e-18 -0.1035615151 0.1069050884
-0.07093333333 0 0.07093333333 1.059491825 0.7898736396 0.6517295743 1.116395758e-17 -6.79556436e-18 -0.03615441081 0.09763646389
0 0 0.07093333333 1.104434746 0.8105919588 0.6688612879 2.098058502e-18 -6.706429658e-18 -1.01122271e-17 1.598691291e-18
0.07093333333 0 0.07093333333 1.059491825 0.7898736396 0.6517295743 -7.628265018e-18 1.752543875e-19 0.03615441081 -0.09763646389
0.1418666667 0 0.07093333333 0.9105292957 0.7253107564 0.6019135461 -1.642249127e-17 8.149281807e-18 0.1035615151 -0.1069050884
-0.1418666667 0.07093333333 0.07093333333 0.9822419236 0.7599494341 0.6142460663 -0.0707815644 -0.04471207413 -0.1094705141 0.09180173396
-0.07093333333 0.07093333333 0.07093333333 0.995340737 0.768061917 0.6293140081 -0.0104734921 -0.01348175258 -0.04274051468 0.08524848665
0 0.07093333333 0.07093333333 1.030640641 0.783632036 0.6454157368 4.457276608e-18 5.776966065e-18 -1.232818913e-17 -3.042078091e-18
0.07093333333 0.07093333333 0.07093333333 0.995340737 0.768061917 0.6293140081 0.0104734921 0.01348175258 0.04274051468 -0.08524848665
0.1418666667 0.07093333333 0.07093333333 0.9822419236 0.7599494341 0.6142460663 0.0707815644 0.04471207413 0.1094705141 -0.09180173396
-0.07093333333 0.1418666667 0.07093333333 0.6987238202 0.6416063401 0.5232425934 -0.06942412505 -0.04974387743 -0.06751184581 0.0378193238
0 0.1418666667 0.07093333333 0.8488426715 0.7085118517 0.588942805 -2.362060506e-17 2.223651444e-17 -1.238557484e-17 5.670331276e-18
0.07093333333 0.1418666667 0.07093333333 0.6987238202 0.6416063401 0.5232425934 0.06942412505 0.04974387743 0.06751184581 -0.0378193238
-0.07093333333 -0.07093333333 0.1418666667 0.8601864195 0.4149731129 0.8219522498 0.03871639447 0.05249371165 -0.09009922205 -0.002411481737
0 -0.07093333333 0.1418666667 1.055885956 0.4526727301 0.922482171 6.688788546e-18 -1.275745612e-17 -2.033576116e-17 4.674609366e-18
0.07093333333 -0.07093333333 0.1418666667 0.8601864195 0.4149731129 0.8219522498 -0.03871639447 -0.05249371165 0.09009922205 0.002411481737
-0.07093333333 0 0.1418666667 0.8332283769 0.4088979357 0.8120059268 8.081644488e-18 -1.270768913e-18 -0.08139305234 0.007238850946
0 0 0.1418666667 1.054737896 0.4546226419 0.9208996416 3.142438502e-18 -7.162770511e-18 -1.468375434e-17 -2.089610355e-17
0.07093333333 0 0.1418666667 0.8332283769 0.4088979357 0.8120059268 -5.517418382e-18 -2.311881916e-18 0.08139305234 -0.007238850946
-0.07093333333 0.07093333333 0.1418666667 0.8601864195 0.4149731129 0.8219522498 -0.03871639447 -0.05249371165 -0.09009922205 -0.002411481737
0 0.07093333333 0.1418666667 1.055885956 0.4526727301 0.922482171 -8.17498469e-18 5.727458312e-18 -3.321648753e-17 8.185776742e-18
0.07093333333 0.07093333333 0.1418666667 0.8601864195 0.4149731129 0.8219522498 0.03871639447 0.05249371165 0.09009922205 0.002411481737
