x y z |E|^2 Ex.r Ex.i Ey.r Ey.i Ez.r Ez.i
-0.07093333333 -0.07093333333 -0.1418666667 0.4942769099 0.04087558614 -0.01916830809 0.463387991 -0.5183434419 0.07773475841 0.05279797101
0 -0.07093333333 -0.1418666667 0.4649970777 6.514000026e-19 -8.527045859e-18 0.4575478036 -0.497634726 0.06870585688 0.05732599568
0.07093333333 -0.07093333333 -0.1418666667 0.4942769099 -0.04087558614 0.01916830809 0.463387991 -0.5183434419 0.07773475841 0.05279797101
-0.07093333333 0 -0.1418666667 0.600256712 5.723919087e-18 2.002329868e-18 0.5084710814 -0.5845629747 1.157749436e-18 8.1296885e-18
0 0 -0.1418666667 0.5802510895 -2.664017685e-19 4.22488261e-18 0.511037774 -0.564881831 -1.750587945e-18 3.908302509e-18
0.07093333333 0 -0.1418666667 0.600256712 -2.831853894e-18 9.882988529e-19 0.5084710814 -0.5845629747 1.4015514e-18 3.709917096e-18
-0.07093333333 0.07093333333 -0.1418666667 0.4942769099 -0.04087558614 0.01916830809 0.463387991 -0.5183434419 -0.07773475841 -0.05279797101
0 0.07093333333 -0.1418666667 0.4649970777 4.115385014e-19 7.805309725e-18 0.4575478036 -0.497634726 -0.06870585688 -0.05732599568
0.07093333333 0.07093333333 -0.1418666667 0.4942769099 0.04087558614 -0.01916830809 0.463387991 -0.5183434419 -0.07773475841 -0.05279797101
-0.07093333333 -0.1418666667 -0.07093333333 0.699461183 0.07115664616 0.009369866114 0.7869428629 -0.2165269966 0.08255781836 0.146052447
0 -0.1418666667 -0.07093333333 0.6372795753 2.419017019e-17 -1.359916515e-17 0.7522136143 -0.2031553554 0.07590119401 0.1562727235
0.07093333333 -0.1418666667 -0.07093333333 0.699461183 -0.07115664616 -0.009369866114 0.7869428629 -0.2165269966 0.08255781836 0.146052447
-0.1418666667 -0.07093333333 -0.07093333333 0.5045410249 0.07052122999 0.005296120476 0.6659585138 -0.2191284958 0.05427166668 0.07124800805
-0.07093333333 -0.07093333333 -0.07093333333 0.6935850267 0.01080795422 0.005050385797 0.7980363018 -0.2124990781 0.02505920118 0.1039083618
0 -0.07093333333 -0.07093333333 0.7287142518 -4.264656648e-18 -9.892637975e-18 0.8211107986 -0.2039433302 0.01739982063 0.1122304442
0.07093333333 -0.07093333333 -0.07093333333 0.6935850267 -0.01080795422 -0.005050385797 0.7980363018 -0.2124990781 0.02505920118 0.1039083618
0.1418666667 -0.07093333333 -0.07093333333 0.5045410249 -0.07052122999 -0.005296120476 0.6659585138 -0.2191284958 0.05427166668 0.07124800805
-0.1418666667 0 -0.07093333333 0.6059637566 1.142254897e-17 -2.379874098e-18 0.7370500947 -0.2504414393 4.931133887e-18 -4.126435371e-20
-0.07093333333 0 -0.07093333333 0.708860718 3.508774431e-18 -1.341710467e-18 0.8145431406 -0.2130262662 3.341362278e-18 5.765255161e-18
0 0 -0.07093333333 0.7509812458 -2.3214781e-18 1.824034825e-18 0.8426064829 -0.2024736051 2.079701549e-18 7.580252555e-18
0.07093333333 0 -0.07093333333 0.708860718 -2.425042595e-18 3.046731993e-18 0.8145431406 -0.2130262662 2.158687949e-18 5.207975927e-18
0.1418666667 0 -0.07093333333 0.6059637566 -1.425966781e-17 -6.469841555e-19 0.7370500947 -0.2504414393 1.423084681e-19 2.545079846e-18
-0.1418666667 0.07093333333 -0.07093333333 0.5045410249 -0.07052122999 -0.005296120476 0.6659585138 -0.2191284958 -0.05427166668 -0.07124800805
-0.07093333333 0.07093333333 -0.07093333333 0.6935850267 -0.01080795422 -0.005050385797 0.7980363018 -0.2124990781 -0.02505920118 -0.1039083618
0 0.07093333333 -0.07093333333 0.7287142518 -1.413733278e-17 4.042286313e-18 0.8211107986 -0.2039433302 -0.01739982063 -0.1122304442
0.07093333333 0.07093333333 -0.07093333333 0.6935850267 0.01080795422 0.005050385797 0.7980363018 -0.2124990781 -0.02505920118 -0.1039083618
0.1418666667 0.07093333333 -0.07093333333 0.5045410249 0.07052122999 0.005296120476 0.6659585138 -0.2191284958 -0.05427166668 -0.07124800805
-0.07093333333 0.1418666667 -0.07093333333 0.699461183 -0.07115664616 -0.009369866114 0.7869428629 -0.2165269966 -0.08255781836 -0.146052447
0 0.1418666667 -0.07093333333 0.6372795753 -2.444228375e-18 -5.090385172e-18 0.7522136143 -0.2031553554 -0.07590119401 -0.1562727235
0.07093333333 0.1418666667 -0.07093333333 0.699461183 0.07115664616 0.009369866114 0.7869428629 -0.2165269966 -0.08255781836 -0.146052447
-0.07093333333 -0.1418666667 0 0.7616313018 0.0649656017 0.02459847088 0.8291719229 0.1994799591 -0.0164636653 0.1709277731
0 -0.1418666667 0 0.6895998197 -1.246628348e-17 -2.090549369e-17 0.7855564423 0.1980989512 -0.01684865045 0.1815869603
0.07093333333 -0.1418666667 0 0.7616313018 -0.0649656017 -0.02459847088 0.8291719229 0.1994799591 -0.0164636653 0.1709277731
-0.1418666667 -0.07093333333 0 0.5576867741 0.06381754417 0.02496275822 0.7208156008 0.1575251755 -0.008530578212 0.09235190215
-0.07093333333 -0.07093333333 0 0.8536432129 0.002473026988 0.007231679626 0.8907753529 0.2239962154 -0.00919624853 0.09922295579
0 -0.07093333333 0 0.9162728235 -1.852542428e-17 -1.887433047e-17 0.9202704065 0.2416603603 -0.009559791341 0.1043268089
0.07093333333 -0.07093333333 0 0.8536432129 -0.002473026988 -0.007231679626 0.8907753529 0.2239962154 -0.00919624853 0.09922295579
0.1418666667 -0.07093333333 0 0.5576867741 -0.06381754417 -0.02496275822 0.7208156008 0.1575251755 -0.008530578212 0.09235190215
-0.1418666667 0 0 0.6869758585 9.031664717e-18 -6.002725353e-18 0.8094119542 0.1784044476 9.337486176e-18 5.931730144e-19
-0.07093333333 0 0 0.888883653 -2.901893042e-18 -1.030860644e-18 0.9134854041 0.2332982413 5.928186084e-18 2.216485562e-18
0 0 0 0.9609327115 -9.522285545e-18 8.426624353e-20 0.9472872054 0.2521500782 4.707883337e-18 6.086448192e-18
0.07093333333 0 0 0.888883653 -1.325666408e-17 1.558371942e-18 0.9134854041 0.2332982413 -1.641963405e-18 5.16193329e-18
0.1418666667 0 0 0.6869758585 -1.681678702e-17 5.797010731e-19 0.8094119542 0.1784044476 -6.286093247e-18 3.604813071e-18
-0.1418666667 0.07093333333 0 0.5576867741 -0.06381754417 -0.02496275822 0.7208156008 0.1575251755 0.008530578212 -0.09235190215
-0.07093333333 0.07093333333 0 0.8536432129 -0.002473026988 -0.007231679626 0.8907753529 0.2239962154 0.00919624853 -0.09922295579
0 0.07093333333 0 0.9162728235 -1.545477155e-17 1.098089188e-17 0.9202704065 0.2416603603 0.009559791341 -0.1043268089
0.07093333333 0.07093333333 0 0.8536432129 0.002473026988 0.007231679626 0.8907753529 0.2239962154 0.00919624853 -0.09922295579
0.1418666667 0.07093333333 0 0.5576867741 0.06381754417 0.02496275822 0.7208156008 0.1575251755 0.008530578212 -0.09235190215
-0.07093333333 0.1418666667 0 0.7616313018 -0.0649656017 -0.02459847088 0.8291719229 0.1994799591 0.0164636653 -0.1709277731
0 0.1418666667 0 0.6895998197 1.246413579e-17 8.283890338e-18 0.7855564423 0.1980989512 0.01684865045 -0.1815869603
0.07093333333 0.1418666667 0 0.7616313018 0.0649656017 0.02459847088 0.8291719229 0.1994799591 0.0164636653 -0.1709277731
-0.07093333333 -0.1418666667 0.07093333333 0.9822419236 0.0707815644 0.04471207413 0.7599494341 0.6142460663 -0.1094705141 0.09180173396
0 -0.1418666667 0.07093333333 0.9105292957 2.268661641e-17 -3.283075649e-17 0.7253107564 0.6019135461 -0.1035615151 0.1069050884
0.07093333333 -0.1418666667 0.07093333333 0.9822419236 -0.0707815644 -0.04471207413 0.7599494341 0.6142460663 -0.1094705141 0.09180173396
-0.1418666667 -0.07093333333 0.07093333333 0.6987238202 0.06942412505 0.04974387743 0.6416063401 0.5232425934 -0.06751184581 0.0378193238
-0.07093333333 -0.07093333333 0.07093333333 0.995340737 0.0104734921 0.01348175258 0.768061917 0.6293140081 -0.04274051468 0.08524848665
0 -0.07093333333 0.07093333333 1.059491825 -1.940201465e-17 -3.173675302e-17 0.7898736396 0.6517295743 -0.03615441081 0.09763646389
0.07093333333 -0.07093333333 0.07093333333 0.995340737 -0.0104734921 -0.01348175258 0.768061917 0.6293140081 -0.04274051468 0.08524848665
0.1418666667 -0.07093333333 0.07093333333 0.6987238202 -0.06942412505 -0.04974387743 0.6416063401 0.5232425934 -0.06751184581 0.0378193238
-0.1418666667 0 0.07093333333 0.8488426715 7.045528211e-18 -6.070003966e-18 0.7085118517 0.588942805 2.59469961e-18 1.033208534e-18
-0.07093333333 0 0.07093333333 1.030640641 -5.014760442e-18 -3.356607839e-18 0.783632036 0.6454157368 -1.884057299e-18 3.769292579e-18
0 0 0.07093333333 1.104434746 -1.313647614e-17 7.634352891e-19 0.8105919588 0.6688612879 -1.103207664e-18 1.830151332e-18
0.07093333333 0 0.07093333333 1.030640641 -1.696203161e-17 6.479477359e-19 0.783632036 0.6454157368 -2.380764039e-18 2.866224174e-18
0.1418666667 0 0.07093333333 0.8488426715 -1.414965445e-17 -6.793795679e-19 0.7085118517 0.588942805 -2.198437652e-18 -1.638160843e-19
-0.1418666667 0.07093333333 0.07093333333 0.6987238202 -0.06942412505 -0.04974387743 0.6416063401 0.5232425934 0.06751184581 -0.0378193238
-0.07093333333 0.07093333333 0.07093333333 0.995340737 -0.0104734921 -0.01348175258 0.768061917 0.6293140081 0.04274051468 -0.08524848665
0 0.07093333333 0.07093333333 1.059491825 -2.425251332e-18 9.88694514e-18 0.7898736396 0.6517295743 0.03615441081 -0.09763646389
0.07093333333 0.07093333333 0.07093333333 0.995340737 0.0104734921 0.01348175258 0.768061917 0.6293140081 0.04274051468 -0.08524848665
0.1418666667 0.07093333333 0.07093333333 0.6987238202 0.06942412505 0.04974387743 0.6416063401 0.5232425934 0.06751184581 -0.0378193238
-0.07093333333 0.1418666667 0.07093333333 0.9822419236 -0.0707815644 -0.04471207413 0.7599494341 0.6142460663 0.1094705141 -0.09180173396
0 0.1418666667 0.07093333333 0.9105292957 -1.931118868e-17 3.096539682e-17 0.7253107564 0.6019135461 0.1035615151 -0.1069050884
0.07093333333 0.1418666667 0.07093333333 0.9822419236 0.0707815644 0.04471207413 0.7599494341 0.6142460663 0.1094705141 -0.09180173396
-0.07093333333 -0.07093333333 0.1418666667 0.8601864195 0.03871639447 0.05249371165 0.4149731129 0.8219522498 -0.09009922205 -0.002411481737
0 -0.07093333333 0.1418666667 0.8332283769 -2.646504339e-18 -1.423612845e-17 0.4088979357 0.8120059268 -0.08139305234 0.007238850946
0.07093333333 -0.07093333333 0.1418666667 0.8601864195 -0.03871639447 -0.05249371165 0.4149731129 0.8219522498 -0.09009922205 -0.002411481737
-0.07093333333 0 0.1418666667 1.055885956 -3.714675223e-18 -3.792679368e-18 0.4526727301 0.922482171 -6.326094133e-18 1.076913845e-18
0 0 0.1418666667 1.054737896 -9.323140131e-18 -1.827008997e-18 0.4546226419 0.9208996416 -4.626370157e-18 -3.450796225e-18
0.07093333333 0 0.1418666667 1.055885956 -1.136448787e-17 -8.762763154e-19 0.4526727301 0.922482171 -9.720725137e-19 -5.54074664e-18
-0.07093333333 0.07093333333 0.1418666667 0.8601864195 -0.03871639447 -0.05249371165 0.4149731129 0.8219522498 0.09009922205 0.002411481737
0 0.07093333333 0.1418666667 0.8332283769 -1.369741061e-17 9.689432402e-18 0.4088979357 0.8120059268 0.08139305234 -0.007238850946
0.07093333333 0.07093333333 0.1418666667 0.8601864195 0.03871639447 0.05249371165 0.4149731129 0.8219522498 0.09009922205 0.002411481737
