theta s11 s12 s13 s14 s21 s22 s23 s24 s31 s32 s33 s34 s41 s42 s43 s44
0.00 2.5923202485E-01 8.3266726847E-17 -2.3320084201E-18 5.3756324411E-20 8.3266726847E-17 2.5923202485E-01 3.9328935539E-20 7.9830282051E-19 -2.3320084201E-18 -3.9328935539E-20 2.5923202485E-01 1.3877787808E-17 5.3756324411E-20 -7.9830282051E-19 -1.3877787808E-17 2.5923202485E-01
2.00 2.5900482196E-01 -1.4141492203E-04 -2.1144931313E-18 2.0904311888E-19 -1.4141492203E-04 2.5900482196E-01 -1.0869885813E-19 8.1116480435E-19 -2.1145541147E-18 1.0985848327E-19 2.5900478335E-01 -1.6312270979E-06 2.0947272315E-19 -8.1127836956E-19 1.6312270979E-06 2.5900478335E-01
4.00 2.5832460681E-01 -5.6451147881E-04 -2.1528082527E-18 1.7850095917E-19 -5.6451147881E-04 2.5832460681E-01 1.1874654429E-19 8.3912811573E-19 -2.1525584471E-18 -1.1402114822E-19 2.5832398992E-01 -6.5173316201E-06 1.8028081180E-19 -8.3952307171E-19 6.5173316201E-06 2.5832398992E-01
6.00 2.5719554682E-01 -1.2658569082E-03 -2.0026541295E-18 2.6809407487E-19 -1.2658569082E-03 2.5719554682E-01 1.8743080210E-20 8.4715067305E-19 -2.0026016259E-18 -8.8383050479E-21 2.5719243126E-01 -1.4635609290E-05 2.7215289377E-19 -8.4848095108E-19 1.4635609290E-05 2.5719243126E-01
8.00 2.5562454410E-01 -2.2397693343E-03 -1.7436808798E-18 1.3187879844E-19 -2.2397693343E-03 2.5562454410E-01 7.2432641369E-20 7.6966773909E-19 -1.7431272045E-18 -5.7078539548E-20 2.5561473023E-01 -2.5948306694E-05 1.3845095976E-19 -7.7085864310E-19 2.5948306694E-05 2.5561473023E-01
10.00 2.5362117070E-01 -3.4783763097E-03 -1.6325499578E-18 -8.5666354509E-20 -3.4783763097E-03 2.5362117070E-01 1.6639537648E-19 6.5711043523E-19 -1.6304089819E-18 -1.4391422976E-19 2.5359731366E-01 -4.0402752723E-05 -7.6921149042E-20 -6.5602016905E-19 4.0402752723E-05 2.5359731366E-01
12.00 2.5119757903E-01 -4.9716956821E-03 -1.6588582182E-18 1.5731439864E-19 -4.9716956821E-03 2.5119757903E-01 1.1945907381E-19 9.3949296789E-19 -1.6568589657E-18 -8.6426495961E-20 2.5114836769E-01 -5.7931544255E-05 1.7556110447E-19 -9.4281116520E-19 5.7931544255E-05 2.5114836769E-01
14.00 2.4836838868E-01 -6.7077377171E-03 -1.6959645454E-18 2.8855235564E-20 -6.7077377171E-03 2.4836838868E-01 2.8000990168E-19 8.2117020110E-19 -1.6890343944E-18 -2.3403225582E-19 2.4827778112E-01 -7.8452787630E-05 5.0517662833E-20 -8.2232341774E-19 7.8452787630E-05 2.4827778112E-01
16.00 2.4515055108E-01 -8.6726271310E-03 -1.3597473187E-18 1.0853544096E-20 -8.6726271310E-03 2.4515055108E-01 3.8612801148E-21 8.4671824686E-19 -1.3604791652E-18 4.4622301085E-20 2.4499707724E-01 -1.0187039765E-04 4.0267547327E-20 -8.4761430715E-19 1.0187039765E-04 2.4499707724E-01
18.00 2.4156319353E-01 -1.0850743432E-02 -1.4469936091E-18 -8.2309800167E-20 -1.0850743432E-02 2.4156319353E-01 3.3357823277E-19 7.4170827328E-19 -1.4334303006E-18 -2.6846018238E-19 2.4131933497E-01 -1.2807445603E-04 -4.9803377004E-20 -7.3889926619E-19 1.2807445603E-04 2.4131933497E-01
20.00 2.3762744471E-01 -1.3224877745E-02 -1.2976373159E-18 -1.7497422660E-19 -1.3224877745E-02 2.3762744471E-01 2.0660487645E-19 7.8113623527E-19 -1.2880480107E-18 -1.3408390929E-19 2.3725909984E-01 -1.5694163103E-04 -1.3255717281E-19 -7.7268453885E-19 1.5694163103E-04 2.3725909984E-01
22.00 2.3336624378E-01 -1.5776404087E-02 -9.2383832374E-19 -2.7532145977E-20 -1.5776404087E-02 2.3336624378E-01 4.2110257997E-19 7.8159365491E-19 -8.9744355920E-19 -3.5883785388E-19 2.3283228586E-01 -1.8833566009E-04 2.4638521224E-20 -7.8181081476E-19 1.8833566009E-04 2.3283228586E-01
24.00 2.2880413534E-01 -1.8485462904E-02 -9.0119207007E-19 -1.2590316790E-20 -1.8485462904E-02 2.2880413534E-01 6.0278168841E-19 8.9449919758E-19 -8.5534617826E-19 -5.3083777028E-19 2.2805606915E-01 -2.2210789648E-04 5.9040463591E-20 -8.9692978420E-19 2.2210789648E-04 2.2805606915E-01
26.00 2.2396705273E-01 -2.1331154538E-02 -7.1384461182E-19 -1.1097504296E-19 -2.1331154538E-02 2.2396705273E-01 3.1339563555E-19 7.8623020815E-19 -6.8707720117E-19 -2.4562585341E-19 2.2294877425E-01 -2.5809792111E-04 -3.7052854183E-20 -7.7948772224E-19 2.5809792111E-04 2.2294877425E-01
28.00 2.1888209237E-01 -2.4291740209E-02 -9.0341659355E-19 9.0527589794E-20 -2.4291740209E-02 2.1888209237E-01 2.1955127605E-19 8.5771846494E-19 -8.8476822389E-19 -1.1884195383E-19 2.1752975434E-01 -2.9613421934E-04 1.8566808191E-19 -8.7332180699E-19 2.9613421934E-04 2.1752975434E-01
30.00 2.1357728166E-01 -2.7344848019E-02 -3.9943242370E-19 1.5649013182E-19 -2.7344848019E-02 2.1357728166E-01 3.4295915021E-19 7.2478831310E-19 -3.5887103036E-19 -2.9304861987E-19 2.1181926638E-01 -3.3603492251E-04 2.5078629975E-19 -7.5147078854E-19 3.3603492251E-04 2.1181926638E-01
32.00 2.0808134315E-01 -3.0467681492E-02 -4.9999896705E-19 -1.9447625291E-19 -3.0467681492E-02 2.0808134315E-01 1.8981711801E-19 4.6232235046E-19 -4.7711442798E-19 -1.1707197395E-19 2.0583834231E-01 -3.7760861273E-04 -1.2903889536E-19 -4.3878910748E-19 3.7760861273E-04 2.0583834231E-01
34.00 2.0242345775E-01 -3.3637228164E-02 -4.1443762184E-19 -6.4686531306E-20 -3.3637228164E-02 2.0242345775E-01 2.7202652792E-19 7.4658289985E-19 -3.7456629161E-19 -2.0444974480E-19 1.9960865757E-01 -4.2065518879E-04 5.9422997472E-20 -7.4664105821E-19 4.2065518879E-04 1.9960865757E-01
36.00 1.9663302947E-01 -3.6830465785E-02 -3.2407031912E-19 -4.5171086624E-20 -3.6830465785E-02 1.9663302947E-01 1.1435582560E-19 5.7380797431E-19 -3.0825554482E-19 -5.3236757962E-20 1.9315239805E-01 -4.6496679014E-04 6.2687074500E-20 -5.7566296151E-19 4.6496679014E-04 1.9315239805E-01
38.00 1.9073945433E-01 -4.0024563821E-02 -4.1590782080E-19 8.5056754240E-20 -4.0024563821E-02 1.9073945433E-01 2.9863795146E-19 8.1205768321E-19 -3.6199924061E-19 -2.1385375507E-19 1.8649212663E-01 -5.1032877509E-04 2.6028549145E-19 -8.4939207601E-19 5.1032877509E-04 1.8649212663E-01
40.00 1.8477189582E-01 -4.3197078017E-02 -3.3106514985E-19 -2.5320308803E-19 -4.3197078017E-02 1.8477189582E-01 2.6396758067E-19 6.0100873462E-19 -2.7666988538E-19 -1.9015956384E-19 1.7965065049E-01 -5.5652074842E-04 -1.1676532135E-19 -5.5784778527E-19 5.5652074842E-04 1.7965065049E-01
42.00 1.7875906918E-01 -4.6326135980E-02 -1.1592285037E-19 4.6439513845E-20 -4.6326135980E-02 1.7875906918E-01 1.0432705297E-20 6.6387808510E-19 -1.1801378579E-19 2.2748139175E-20 1.7265089037E-01 -6.0331763312E-04 2.2580359031E-19 -6.9974656464E-19 6.0331763312E-04 1.7265089037E-01
44.00 1.7272903655E-01 -4.9390611898E-02 -2.0134534655E-19 5.3262253742E-20 -4.9390611898E-02 1.7272903655E-01 2.0248407305E-19 9.2372008689E-19 -1.5099740153E-19 -1.4737289577E-19 1.6551575268E-01 -6.5049077998E-04 3.3063206844E-19 -9.8044928072E-19 6.5049077998E-04 1.6551575268E-01
46.00 1.6670901504E-01 -5.2370288715E-02 -1.5308313026E-19 -2.2722956736E-19 -5.2370288715E-02 1.6670901504E-01 1.3546628278E-19 6.1633292273E-19 -1.1626395938E-19 -8.9503969297E-20 1.5826800567E-01 -6.9780910856E-04 -3.5918910340E-20 -5.7440941862E-19 6.9780910856E-04 1.5826800567E-01
48.00 1.6072519906E-01 -5.5246006320E-02 -8.9302664544E-21 -9.9411300352E-20 -5.5246006320E-02 1.6072519906E-01 1.4047225453E-19 5.3810822260E-19 4.1457473699E-20 -1.4366725067E-19 1.5093016039E-01 -7.4504027224E-04 9.1309229916E-20 -5.3735125933E-19 7.4504027224E-04 1.5093016039E-01
50.00 1.5480259869E-01 -5.7999794525E-02 3.9133556070E-20 -2.8619841732E-19 -5.7999794525E-02 1.5480259869E-01 3.9431072263E-20 5.5097841955E-19 5.8616161812E-20 -5.5701237282E-20 1.4352435754E-01 -7.9195184016E-04 -8.5708117099E-20 -4.7892605579E-19 7.9195184016E-04 1.4352435754E-01
52.00 1.4896489494E-01 -6.0614989859E-02 2.1219848687E-19 -1.1906256696E-19 -6.0614989859E-02 1.4896489494E-01 1.8937110624E-19 5.3538059532E-19 3.1598327934E-19 -2.9854457729E-19 1.3607226080E-01 -8.3831248815E-04 1.1009473362E-19 -5.3490851891E-19 8.3831248815E-04 1.3607226080E-01
54.00 1.4323431298E-01 -6.3076335474E-02 2.3173922510E-19 -3.6518204713E-19 -6.3076335474E-02 1.4323431298E-01 2.1956060794E-19 4.2699915208E-19 3.6715481307E-19 -3.5616986227E-19 1.2859495733E-01 -8.8389319120E-04 -1.9478627116E-19 -2.9893396904E-19 8.8389319120E-04 1.2859495733E-01
56.00 1.3763151390E-01 -6.5370063683E-02 2.4447510780E-19 -1.8131651681E-19 -6.5370063683E-02 1.3763151390E-01 3.0136096696E-21 6.8159561139E-19 2.7818872905E-19 -1.3018357015E-19 1.2111286612E-01 -9.2846840955E-04 1.6397408386E-19 -6.7769211957E-19 9.2846840955E-04 1.2111286612E-01
58.00 1.3217550539E-01 -6.7483960913E-02 1.8857562209E-19 -1.1636163878E-19 -6.7483960913E-02 1.3217550539E-01 -3.4187595907E-21 6.6374590527E-19 2.1506381877E-19 -1.0198403554E-19 1.1364565463E-01 -9.7181726094E-04 2.6064390354E-19 -7.0374460249E-19 9.7181726094E-04 1.1364565463E-01
60.00 1.2688357141E-01 -6.9407415103E-02 -1.1240705201E-20 -1.1369533753E-19 -6.9407415103E-02 1.2688357141E-01 -1.5508766015E-19 5.8411584956E-19 -1.1711107111E-19 1.9854978142E-19 1.0621216401E-01 -1.0137246715E-03 2.4476652576E-19 -6.2160611661E-19 1.0137246715E-03 1.0621216401E-01
62.00 1.2177122075E-01 -7.1131445796E-02 4.8326457674E-20 -3.6756353480E-19 -7.1131445796E-02 1.2177122075E-01 -1.5189716298E-19 6.7280540543E-19 -5.0109902747E-20 1.5837538285E-19 9.8830343226E-02 -1.0539824983E-03 3.0821970587E-20 -5.6274301186E-19 1.0539824983E-03 9.8830343226E-02
64.00 1.1685215417E-01 -7.2648717379E-02 2.6407568427E-19 -2.3310490864E-19 -7.2648717379E-02 1.1685215417E-01 8.3099579992E-20 5.0432531711E-19 4.0186384179E-19 -3.1021261799E-19 9.1517192265E-02 -1.0923906164E-03 1.0750733009E-19 -4.6259723866E-19 1.0923906164E-03 9.1517192265E-02
66.00 1.1213824942E-01 -7.3953536145E-02 3.2235049242E-19 -3.7265311325E-19 -7.3953536145E-02 1.1213824942E-01 -9.9266397608E-20 5.2668778204E-19 3.4215203789E-19 -1.4572916124E-19 8.4288714433E-02 -1.1287579643E-03 -2.9090928895E-20 -3.7570063270E-19 1.1287579643E-03 8.4288714433E-02
68.00 1.0763956347E-01 -7.5041832003E-02 2.0500366235E-19 -4.2970558399E-19 -7.5041832003E-02 1.0763956347E-01 -9.5386181090E-20 5.2798275746E-19 1.9446769751E-19 -6.1494426271E-20 7.7159877713E-02 -1.1629035418E-03 -8.3027359692E-20 -3.1956312146E-19 1.1629035418E-03 7.7159877713E-02
70.00 1.0336435092E-01 -7.5911125827E-02 3.7025900086E-19 -4.0499344734E-19 -7.5911125827E-02 1.0336435092E-01 -1.9270637014E-19 4.5753796894E-19 3.3869414582E-19 -1.1267660804E-19 7.0144585040E-02 -1.1946573536E-03 -9.5873958393E-20 -2.3785466219E-19 1.1946573536E-03 7.0144585040E-02
72.00 9.9319097620E-02 -7.6560483561E-02 4.0383668774E-19 -3.8164461769E-19 -7.6560483561E-02 9.9319097620E-02 1.5951116548E-20 5.9125124460E-19 6.5088366806E-19 -5.0460946942E-19 6.3255653284E-02 -1.2238612949E-03 1.2897619514E-19 -4.7618219142E-19 1.2238612949E-03 6.3255653284E-02
74.00 9.5508568137E-02 -7.6990458298E-02 3.5642567417E-19 -4.2827973492E-19 -7.6990458298E-02 9.5508568137E-02 -1.8558651034E-19 4.1430892529E-19 3.5294084048E-19 -1.6928856929E-19 5.6504800624E-02 -1.2503699732E-03 -1.5158435187E-19 -1.2049016046E-19 1.2503699732E-03 5.6504800624E-02
76.00 9.1935865856E-02 -7.7203021638E-02 3.2859134754E-19 -3.2820693439E-19 -7.7203021638E-02 9.1935865856E-02 -6.4434389462E-20 3.8909113957E-19 5.0542026467E-19 -3.8405907095E-19 4.9902641950E-02 -1.2740514617E-03 1.0198947000E-20 -2.1886967000E-19 1.2740514617E-03 4.9902641950E-02
78.00 8.8602504285E-02 -7.7201485689E-02 4.3973249517E-19 -5.6206170627E-19 -7.7201485689E-02 8.8602504285E-02 -2.2482383772E-19 3.7065246213E-19 5.1120099099E-19 -3.2973119652E-19 4.3458691848E-02 -1.2947879817E-03 -4.7224746570E-19 2.3296445399E-19 1.2947879817E-03 4.3458691848E-02
80.00 8.5508488131E-02 -7.6990417085E-02 4.0949438591E-19 -6.4379432725E-19 -7.6990417085E-02 8.5508488131E-02 -1.5847151145E-19 5.4063751621E-19 6.2556598579E-19 -4.8604324998E-19 3.7181374706E-02 -1.3124765092E-03 -3.3901196943E-19 7.2589483507E-20 1.3124765092E-03 3.7181374706E-02
82.00 8.2652402688E-02 -7.6575544445E-02 3.0634884650E-19 -5.2732575945E-19 -7.6575544445E-02 8.2652402688E-02 -2.8737257343E-19 5.1725892154E-19 1.1191704827E-19 1.2670963431E-20 3.1078041386E-02 -1.3270293023E-03 -1.2313646900E-19 -7.5796951901E-20 1.3270293023E-03 3.1078041386E-02
84.00 8.0031510064E-02 -7.5963660640E-02 2.6074052362E-19 -4.9603105250E-19 -7.5963660640E-02 8.0031510064E-02 -1.6475828498E-19 4.3936646448E-19 3.4441137569E-19 -2.6777226508E-19 2.5154991936E-02 -1.3383743494E-03 -2.3300654716E-19 8.5819681045E-20 1.3383743494E-03 2.5154991936E-02
86.00 7.7641850802E-02 -7.5162521255E-02 2.9415927334E-19 -5.5250051925E-19 -7.5162521255E-02 7.7641850802E-02 -3.1090769864E-19 4.4144857439E-19 7.3932179883E-21 7.8253537203E-20 1.9417503739E-02 -1.3464557324E-03 -4.9990052880E-19 3.7892680206E-19 1.3464557324E-03 1.9417503739E-02
88.00 7.5478349482E-02 -7.4180740530E-02 2.6411981965E-19 -5.0235952735E-19 -7.4180740530E-02 7.5478349482E-02 -1.9180152407E-19 4.5395735023E-19 4.3714236198E-19 -3.8625487457E-19 1.3869864520E-02 -1.3512339059E-03 -2.6328259913E-19 1.7877099912E-19 1.3512339059E-03 1.3869864520E-02
90.00 7.3534922943E-02 -7.3027686067E-02 3.5292439616E-19 -4.2100136810E-19 -7.3027686067E-02 7.3534922943E-02 -3.3002455865E-19 3.8990442892E-19 2.5726564960E-19 -2.1010156750E-19 8.5154096116E-03 -1.3526858904E-03 -2.5089636487E-19 2.1008527639E-19 1.3526858904E-03 8.5154096116E-03
92.00 7.1804589839E-02 -7.1713373456E-02 2.5071078637E-19 -4.5222678843E-19 -7.1713373456E-02 7.1804589839E-02 -2.4884015017E-19 4.4253518951E-19 1.1623062239E-19 -9.6125658826E-20 3.3565628829E-03 -1.3508053778E-03 -1.7257617838E-19 1.5635152817E-19 1.3508053778E-03 3.3565628829E-03
94.00 7.0279580303E-02 -7.0248361925E-02 2.0654264007E-19 -4.4099073606E-19 -7.0248361925E-02 7.0279580303E-02 -2.1362956096E-19 4.4767752759E-19 3.9934973800E-20 -3.6224907566E-20 -1.6051192441E-03 -1.3456027497E-03 -3.1755008099E-19 3.3172379883E-19 1.3456027497E-03 -1.6051192441E-03
96.00 6.8951444624E-02 -6.8643652020E-02 2.1625657893E-19 -5.5915647824E-19 -6.8643652020E-02 6.8951444624E-02 -2.2239282279E-19 5.7930173830E-19 1.5108518696E-20 -2.4349229850E-20 -6.3689012624E-03 -1.3371050092E-03 -1.9327378744E-19 2.5023256341E-19 1.3371050092E-03 -6.3689012624E-03
98.00 6.7811159883E-02 -6.6910586212E-02 2.1638581374E-19 -4.9908448791E-19 -6.6910586212E-02 6.7811159883E-02 -1.7109510065E-19 5.5230511630E-19 -3.2467662848E-19 3.0356965031E-19 -1.0934820068E-02 -1.3253556244E-03 -2.4520285490E-19 3.3435183419E-19 1.3253556244E-03 -1.0934820068E-02
100.00 6.6849233658E-02 -6.5060753233E-02 2.8136751406E-19 -3.4347514360E-19 -6.5060753233E-02 6.6849233658E-02 -2.9576394233E-19 4.4513894457E-19 -5.2119012893E-21 -5.3910217991E-20 -1.5303634986E-02 -1.3104142875E-03 -3.9161905994E-19 4.8884402189E-19 1.3104142875E-03 -1.5303634986E-02
102.00 6.6055803962E-02 -6.3105896843E-02 2.2142587863E-19 -5.2617846683E-19 -6.3105896843E-02 6.6055803962E-02 -1.6856936058E-19 5.7891897183E-19 -2.0992131379E-19 1.6216977259E-19 -1.9476776816E-02 -1.2923565885E-03 -7.7259501612E-20 2.4780347055E-19 1.2923565885E-03 -1.9476776816E-02
104.00 6.5420734719E-02 -6.1057829607E-02 2.2223036000E-19 -3.3042120043E-19 -6.1057829607E-02 6.5420734719E-02 -3.4020398883E-19 5.5109494882E-19 2.3725730371E-19 -3.3270413781E-19 -2.3456296345E-02 -1.2712736073E-03 -5.2582396431E-19 6.9496022931E-19 1.2712736073E-03 -2.3456296345E-02
106.00 6.4933706188E-02 -5.8928352192E-02 1.5997053259E-19 -4.6872201107E-19 -5.8928352192E-02 6.4933706188E-02 -1.6157210999E-19 7.1658463221E-19 -5.1502196800E-20 -7.2887685324E-21 -2.7244812741E-02 -1.2472714243E-03 -4.3043265242E-19 6.9439168002E-19 1.2472714243E-03 -2.7244812741E-02
108.00 6.4584299832E-02 -5.6729178540E-02 8.9788922094E-20 -3.1806263105E-19 -5.6729178540E-02 6.4584299832E-02 -1.1748272719E-19 4.9117170614E-19 1.8645704623E-20 -6.3205824535E-20 -3.0845462203E-02 -1.2204705550E-03 -2.3811190013E-19 4.4595505528E-19 1.2204705550E-03 -3.0845462203E-02
110.00 6.4362077256E-02 -5.4471867245E-02 1.6974269577E-20 -4.0847440821E-19 -5.4471867245E-02 6.4362077256E-02 7.0692479178E-20 6.3301848599E-19 -1.5240539396E-19 1.7833156067E-19 -3.4261847205E-02 -1.1910053092E-03 -2.3378546502E-19 5.3352719187E-19 1.1910053092E-03 -3.4261847205E-02
112.00 6.4256652920E-02 -5.2167759293E-02 4.6468384061E-20 -3.9041597942E-19 -5.2167759293E-02 6.4256652920E-02 -3.9745499217E-20 6.3650442141E-19 -3.0995885658E-20 1.3451261151E-20 -3.7497986618E-02 -1.1590230798E-03 -2.1553851667E-19 5.4714741719E-19 1.1590230798E-03 -3.7497986618E-02
114.00 6.4257760442E-02 -4.9827922313E-02 -3.1577813681E-20 -3.6287669687E-19 -4.9827922313E-02 6.4257760442E-02 4.3561047884E-20 6.5693149485E-19 -9.9173577606E-21 4.6683264059E-20 -4.0558266998E-02 -1.1246835652E-03 -2.3188204131E-19 5.9369032862E-19 1.1246835652E-03 -4.0558266998E-02
116.00 6.4355312363E-02 -4.7463101349E-02 -4.4237833202E-20 -2.5496028849E-19 -4.7463101349E-02 6.4355312363E-02 7.0471738220E-21 6.5714737886E-19 4.9275440574E-20 -2.0472338717E-20 -4.3447395226E-02 -1.0881579290E-03 -3.4146634160E-19 6.9536955675E-19 1.0881579290E-03 -4.3447395226E-02
118.00 6.4539453373E-02 -4.5083676121E-02 3.5827379725E-21 -1.6939256863E-19 -4.5083676121E-02 6.4539453373E-02 9.6628572409E-21 6.4027027850E-19 -2.3261695648E-20 3.3574902102E-20 -4.6170352722E-02 -1.0496279018E-03 -3.8788566473E-19 7.2883595092E-19 1.0496279018E-03 -4.6170352722E-02
120.00 6.4800607029E-02 -4.2699624669E-02 -1.3672551622E-19 -2.1209109035E-19 -4.2699624669E-02 6.4800607029E-02 -1.0846955845E-20 5.6043450964E-19 1.8690203941E-19 -1.2258537243E-19 -4.8732351355E-02 -1.0092848317E-03 -2.1290475256E-19 5.6192671330E-19 1.0092848317E-03 -4.8732351355E-02
122.00 6.5129516065E-02 -4.0320493220E-02 1.2447265329E-19 -9.5939399953E-20 -4.0320493220E-02 6.5129516065E-02 -2.2490987352E-20 6.7506502943E-19 -1.4849688090E-19 8.4298420647E-20 -5.1138791192E-02 -9.6732868645E-04 -4.0726075985E-19 7.8251342162E-19 9.6732868645E-04 -5.1138791192E-02
124.00 6.5517276496E-02 -3.7955372059E-02 -3.2554840879E-20 -2.1634301269E-19 -3.7955372059E-02 6.5517276496E-02 2.6039260279E-21 7.6598254959E-19 3.3256233677E-20 -6.3414252095E-21 -5.3395220163E-02 -9.2396701532E-04 -2.7960696289E-19 7.8620464702E-19 9.2396701532E-04 -5.3395220163E-02
126.00 6.5955365693E-02 -3.5612877145E-02 -2.0202701033E-19 -1.1836692140E-20 -3.5612877145E-02 6.5955365693E-02 1.1093156558E-19 8.4517037571E-19 1.6047335464E-19 1.7979551671E-20 -5.5507295704E-02 -8.7941387557E-04 -5.3072983505E-19 9.9637660908E-19 8.7941387557E-04 -5.5507295704E-02
128.00 6.6435664727E-02 -3.3301137185E-02 -7.8796712465E-20 -1.8984104037E-19 -3.3301137185E-02 6.6435664727E-02 -9.5180397024E-20 7.0706639196E-19 1.4342491275E-19 -1.4536828216E-19 -5.7480748425E-02 -8.3388873008E-04 -1.9229915979E-19 7.0934574299E-19 8.3388873008E-04 -5.7480748425E-02
130.00 6.6950475252E-02 -3.1027785831E-02 -5.8853358596E-20 -2.2226807562E-20 -3.1027785831E-02 6.6950475252E-02 8.5144897955E-20 9.5209719686E-19 1.5606053180E-20 7.9410566550E-20 -5.9321347802E-02 -7.8761532290E-04 -4.7311238182E-19 1.0618633687E-18 7.8761532290E-04 -5.9321347802E-02
132.00 6.7492531275E-02 -2.8799958662E-02 -1.4567371098E-20 1.9896767498E-19 -2.8799958662E-02 6.7492531275E-02 5.7847847638E-20 7.9549176649E-19 -1.8411300153E-20 6.8900915248E-20 -6.1034869901E-02 -7.4082053907E-04 -5.9515687682E-19 9.7270577665E-19 7.4082053907E-04 -6.1034869901E-02
134.00 6.8055006139E-02 -2.6624294577E-02 -2.8608423581E-20 -1.4629565891E-19 -2.6624294577E-02 6.8055006139E-02 7.3287369543E-21 7.4149758197E-19 2.6238241553E-20 4.0379712828E-21 -6.2627067096E-02 -6.9373325590E-04 -1.5654414107E-19 7.4352519859E-19 6.9373325590E-04 -6.2627067096E-02
136.00 6.8631515114E-02 -2.4506941218E-02 -1.6517002827E-19 -1.1659812212E-19 -2.4506941218E-02 6.8631515114E-02 1.7576331367E-19 8.3563212319E-19 1.0766785706E-19 1.3359407799E-19 -6.4103639749E-02 -6.4658319217E-04 -1.9571584106E-19 8.4873270683E-19 6.4658319217E-04 -6.4103639749E-02
138.00 6.9216113942E-02 -2.2453564039E-02 -2.0201591171E-19 3.4782180938E-20 -2.2453564039E-02 6.9216113942E-02 1.4967814542E-20 9.1590875638E-19 2.0521019586E-19 -4.4477730225E-20 -6.5470209800E-02 -5.9959976246E-04 -3.5277032667E-19 9.8064902803E-19 5.9959976246E-04 -6.5470209800E-02
140.00 6.9803293759E-02 -2.0469358629E-02 -4.1860945950E-20 -1.6860217603E-21 -2.0469358629E-02 6.9803293759E-02 1.1606314753E-19 9.0629421461E-19 5.8968085495E-21 1.1640778866E-19 -6.6732296198E-02 -5.5301094295E-04 -2.7628050404E-19 9.4651972625E-19 5.5301094295E-04 -6.6732296198E-02
142.00 7.0387972754E-02 -1.8559065884E-02 -4.9739824395E-19 -1.4576936464E-20 -1.8559065884E-02 7.0387972754E-02 -6.8501456171E-20 9.3475855551E-19 5.3255925593E-19 -1.9976092721E-19 -6.7895292106E-02 -5.0704215556E-04 -2.4437975137E-19 9.6658414138E-19 5.0704215556E-04 -6.7895292106E-02
144.00 7.0965484975E-02 -1.6726989647E-02 -2.8041372891E-19 2.1373573832E-20 -1.6726989647E-02 7.0965484975E-02 6.7206148465E-20 8.9331434569E-19 2.7063888883E-19 7.3344980552E-21 -6.8964443806E-02 -4.6191517643E-04 -2.4047548474E-19 9.2436928207E-19 4.6191517643E-04 -6.8964443806E-02
146.00 7.1531566673E-02 -1.4977016415E-02 -3.1832655658E-19 2.8599326775E-20 -1.4977016415E-02 7.1531566673E-02 2.2682380591E-19 8.9786294361E-19 2.7564596588E-19 1.6932339990E-19 -6.9944831216E-02 -4.1784707495E-04 -2.2315073586E-19 9.2334377238E-19 4.1784707495E-04 -6.9944831216E-02
148.00 7.2082340561E-02 -1.3312636749E-02 -3.3911991804E-19 -1.6946974422E-20 -1.3312636749E-02 7.2082340561E-02 9.9545920494E-20 9.8051068938E-19 3.2546039136E-19 4.2825623269E-20 -7.0841349942E-02 -3.7504918855E-04 -1.6873857880E-19 9.9427572827E-19 3.7504918855E-04 -7.0841349942E-02
150.00 7.2614298378E-02 -1.1736967982E-02 -4.0556623787E-19 1.0383425062E-20 -1.1736967982E-02 7.2614298378E-02 9.1763731043E-20 8.4068041988E-19 3.9524584970E-19 3.0534459359E-20 -7.1658694786E-02 -3.3372613867E-04 -1.5005754989E-19 8.5344979856E-19 3.3372613867E-04 -7.1658694786E-02
152.00 7.3124282129E-02 -1.0252777893E-02 -5.4463492572E-19 -5.2027147422E-20 -1.0252777893E-02 7.3124282129E-02 2.3356033138E-19 9.3818054427E-19 5.1666390798E-19 1.6258261611E-19 -7.2401344617E-02 -2.9407489204E-04 -8.2407955980E-20 9.3952045939E-19 2.9407489204E-04 -7.2401344617E-02
154.00 7.3609464361E-02 -8.8625089614E-03 -4.3136316885E-19 6.1474991351E-20 -8.8625089614E-03 7.3609464361E-02 1.4099429761E-19 8.9320339989E-19 4.1682442990E-19 9.2892362283E-20 -7.3073548545E-02 -2.5628387152E-04 -1.7171726226E-19 9.0688410510E-19 2.5628387152E-04 -7.3073548545E-02
156.00 7.4067327828E-02 -7.5683028808E-03 -5.4392672084E-19 -2.8650612803E-20 -7.5683028808E-03 7.4067327828E-02 1.6358313515E-19 8.1227660481E-19 5.2981972486E-19 1.1100697485E-19 -7.3679313302E-02 -2.2053211958E-04 -5.6220981419E-20 8.1327903004E-19 2.2053211958E-04 -7.3679313302E-02
158.00 7.4495644898E-02 -6.3720249837E-03 -5.6568007628E-19 5.8235259135E-20 -6.3720249837E-03 7.4495644898E-02 1.3541405025E-19 8.3221036797E-19 5.5580652458E-19 8.9465034112E-20 -7.4222391781E-02 -1.8698851725E-04 -1.3129552478E-19 8.4004832165E-19 1.8698851725E-04 -7.4222391781E-02
160.00 7.4892457014E-02 -5.2752882714E-03 -6.1790921197E-19 3.2988751302E-21 -5.2752882714E-03 7.4892457014E-02 3.6868139905E-19 9.7509197965E-19 5.9326212426E-19 3.2800518890E-19 -7.4706272657E-02 -1.5581106050E-04 -7.3399311107E-20 9.7707096414E-19 1.5581106050E-04 -7.4706272657E-02
162.00 7.5256054528E-02 -4.2794767399E-03 -7.2343535101E-19 -2.3780271140E-20 -4.2794767399E-03 7.5256054528E-02 2.7145585757E-19 1.0130137097E-18 7.0908802427E-19 2.3240503467E-19 -7.5134171027E-02 -1.2714619556E-04 -3.5080137767E-20 1.0129092715E-18 1.2714619556E-04 -7.5134171027E-02
164.00 7.5584957210E-02 -3.3857677188E-03 -6.7902831813E-19 -1.6234810674E-20 -3.3857677188E-03 7.5584957210E-02 3.0194602759E-19 8.8057106729E-19 6.6613985323E-19 2.7298162460E-19 -7.5509020034E-02 -1.0112821412E-04 -2.4125159571E-20 8.8036307410E-19 1.0112821412E-04 -7.5509020034E-02
166.00 7.5877895703E-02 -2.5951529522E-03 -7.1250582158E-19 -3.2108142736E-21 -2.5951529522E-03 7.5877895703E-02 2.1161469913E-19 7.6403884305E-19 7.0565717285E-19 1.8814029400E-19 -7.5833463408E-02 -7.7878708645E-05 -2.3658730820E-20 7.6418341408E-19 7.7878708645E-05 -7.5833463408E-02
168.00 7.6133794192E-02 -1.9084581740E-03 -8.5949919650E-19 -5.6171421151E-20 -1.9084581740E-03 7.6133794192E-02 2.3315242736E-19 8.5602210879E-19 8.5394904836E-19 2.1231959642E-19 -7.6109848893E-02 -5.7506087968E-05 3.4079081687E-20 8.5472250337E-19 5.7506087968E-05 -7.6109848893E-02
170.00 7.6351754511E-02 -1.3263609476E-03 -9.1122504007E-19 2.3397937451E-20 -1.3263609476E-03 7.6351754511E-02 3.2263295175E-19 8.4888071543E-19 9.0573686356E-19 3.0729590914E-19 -7.6340222525E-02 -4.0105152593E-05 -3.8626040428E-20 8.4925403425E-19 4.0105152593E-05 -7.6340222525E-02
172.00 7.6531041928E-02 -8.4940656344E-04 -1.0030191846E-18 5.0680068318E-20 -8.4940656344E-04 7.6531041928E-02 2.0394187389E-19 7.7563749630E-19 1.0007972959E-18 1.9308264444E-19 -7.6526323730E-02 -2.5756729167E-05 -5.9629249858E-20 7.7618285656E-19 2.5756729167E-05 -7.6526323730E-02
174.00 7.6671072764E-02 -4.7802181130E-04 -8.6350000041E-19 -9.0250025683E-21 -4.7802181130E-04 7.6671072764E-02 3.6387486642E-19 7.8294010321E-19 8.6124885547E-19 3.5864650053E-19 -7.6669581210E-02 -1.4527363259E-05 3.9804900788E-21 7.8283110902E-19 1.4527363259E-05 -7.6669581210E-02
176.00 7.6771404051E-02 -2.1252646928E-04 -1.0902564076E-18 -1.3781493746E-19 -2.1252646928E-04 7.6771404051E-02 2.7352271948E-19 8.2761162726E-19 1.0895148047E-18 2.7057530180E-19 -7.6771109609E-02 -6.4690695805E-06 1.3543257063E-19 8.2721048666E-19 6.4690695805E-06 -7.6771109609E-02
178.00 7.6831725329E-02 -5.3142378531E-05 -9.7662511537E-19 -6.3455701274E-20 -5.3142378531E-05 7.6831725329E-02 3.6824122776E-19 7.8543491867E-19 9.7637197224E-19 3.6758236224E-19 -7.6831706934E-02 -1.6191387719E-06 6.2891876834E-20 7.8538346979E-19 1.6191387719E-06 -7.6831706934E-02
180.00 7.6851852720E-02 6.9388939039E-18 -8.9113375603E-19 -3.1464724633E-20 6.9388939039E-18 7.6851852720E-02 4.6916670925E-19 7.9922952913E-19 8.9113375603E-19 4.6916670925E-19 -7.6851852720E-02 2.7755575616E-17 3.1464724633E-20 7.9922952913E-19 -2.7755575616E-17 -7.6851852720E-02
182.00 7.6831725329E-02 -5.3142378531E-05 -1.1224181195E-18 5.0807996900E-21 -5.3142378531E-05 7.6831725329E-02 4.6200790348E-19 7.4147420030E-19 1.1220987117E-18 4.6124729394E-19 -7.6831706934E-02 -1.6191387718E-06 -5.6173051415E-21 7.4146817183E-19 1.6191387718E-06 -7.6831706934E-02
184.00 7.6771404051E-02 -2.1252646928E-04 -1.1163579615E-18 -9.8786526118E-20 -2.1252646928E-04 7.6771404051E-02 4.3472574153E-19 7.5481344407E-19 1.1151669264E-18 4.3170055848E-19 -7.6771109609E-02 -6.4690695806E-06 9.6603376198E-20 7.5450649001E-19 6.4690695806E-06 -7.6771109609E-02
186.00 7.6671072764E-02 -4.7802181130E-04 -1.1506094274E-18 -2.0158191272E-19 -4.7802181130E-04 7.6671072764E-02 4.5343957238E-19 7.2231408239E-19 1.1478419950E-18 4.4641115213E-19 -7.6669581210E-02 -1.4527363259E-05 1.9686483552E-19 7.2098671949E-19 1.4527363259E-05 -7.6669581210E-02
188.00 7.6531041928E-02 -8.4940656344E-04 -1.1572209796E-18 -1.7222186235E-19 -8.4940656344E-04 7.6531041928E-02 4.8865738652E-19 7.4254760509E-19 1.1519235225E-18 4.7609214030E-19 -7.6526323730E-02 -2.5756729166E-05 1.6360284104E-19 7.4052156408E-19 2.5756729166E-05 -7.6526323730E-02
190.00 7.6351754511E-02 -1.3263609476E-03 -1.3281563256E-18 -1.5381798681E-19 -1.3263609476E-03 7.6351754511E-02 5.4926692463E-19 5.5041030444E-19 1.3188892397E-18 5.2656170925E-19 -7.6340222525E-02 -4.0105152593E-05 1.4358533181E-19 5.4754433579E-19 4.0105152593E-05 -7.6340222525E-02
192.00 7.6133794192E-02 -1.9084581740E-03 -1.2797095181E-18 -2.1756885071E-19 -1.9084581740E-03 7.6133794192E-02 5.3244430494E-19 6.5142870900E-19 1.2669124414E-18 5.0101098612E-19 -7.6109848893E-02 -5.7506087968E-05 2.0034545727E-19 6.4579956133E-19 5.7506087968E-05 -7.6109848893E-02
194.00 7.5877895703E-02 -2.5951529522E-03 -1.2423464586E-18 -3.1290382438E-19 -2.5951529522E-03 7.5877895703E-02 5.8773421086E-19 5.4397626112E-19 1.2232622102E-18 5.4611072199E-19 -7.5833463408E-02 -7.7878708645E-05 2.9321509359E-19 5.3302603506E-19 7.7878708645E-05 -7.5833463408E-02
196.00 7.5584957210E-02 -3.3857677188E-03 -1.3627663746E-18 -2.6370715654E-19 -3.3857677188E-03 7.5584957210E-02 6.5688500716E-19 4.6643343355E-19 1.3350057676E-18 5.9704860569E-19 -7.5509020034E-02 -1.0112821412E-04 2.4126987906E-19 4.5427846188E-19 1.0112821412E-04 -7.5509020034E-02
198.00 7.5256054528E-02 -4.2794767399E-03 -1.3774099732E-18 -2.6661099644E-19 -4.2794767399E-03 7.5256054528E-02 7.3092157971E-19 5.4034309088E-19 1.3384087322E-18 6.5454136303E-19 -7.5134171027E-02 -1.2714619556E-04 2.3400181539E-19 5.2492641591E-19 1.2714619556E-04 -7.5134171027E-02
200.00 7.4892457014E-02 -5.2752882714E-03 -1.4489922717E-18 -2.4104730623E-19 -5.2752882714E-03 7.4892457014E-02 7.3392067049E-19 3.9143168420E-19 1.4012188534E-18 6.3421118247E-19 -7.4706272657E-02 -1.5581106050E-04 2.1108514842E-19 3.7406322716E-19 1.5581106050E-04 -7.4706272657E-02
202.00 7.4495644898E-02 -6.3720249837E-03 -1.4409653481E-18 -3.6002919791E-19 -6.3720249837E-03 7.4495644898E-02 6.5372063778E-19 4.7688633065E-19 1.3909465138E-18 5.3354441965E-19 -7.4222391781E-02 -1.8698851725E-04 3.1690954814E-19 4.4638918561E-19 1.8698851725E-04 -7.4222391781E-02
204.00 7.4067327828E-02 -7.5683028808E-03 -1.3451631292E-18 -2.4633183416E-19 -7.5683028808E-03 7.4067327828E-02 7.2156029820E-19 5.5890270655E-19 1.2786866855E-18 5.8878639784E-19 -7.3679313302E-02 -2.2053211958E-04 1.8639158877E-19 5.3478063220E-19 2.2053211958E-04 -7.3679313302E-02
206.00 7.3609464361E-02 -8.8625089614E-03 -1.4564362574E-18 -3.9867191711E-19 -8.8625089614E-03 7.3609464361E-02 8.0240058572E-19 4.2851583941E-19 1.3710102108E-18 6.3298232064E-19 -7.3073548545E-02 -2.5628387152E-04 3.4481605867E-19 3.8108680043E-19 2.5628387152E-04 -7.3073548545E-02
208.00 7.3124282129E-02 -1.0252777893E-02 -1.4842174299E-18 -4.1318058172E-19 -1.0252777893E-02 7.3124282129E-02 9.5670368796E-19 5.6091552169E-19 1.3649082675E-18 7.5812687188E-19 -7.2401344617E-02 -2.9407489204E-04 3.3233092621E-19 5.0492639661E-19 2.9407489204E-04 -7.2401344617E-02
210.00 7.2614298378E-02 -1.1736967982E-02 -1.4901292343E-18 -4.1272526374E-19 -1.1736967982E-02 7.2614298378E-02 7.9934044887E-19 2.2270537785E-19 1.3808249018E-18 5.6665586694E-19 -7.1658694786E-02 -3.3372613867E-04 3.7532154720E-19 1.5543603899E-19 3.3372613867E-04 -7.1658694786E-02
212.00 7.2082340561E-02 -1.3312636749E-02 -1.4774687539E-18 -3.6862181948E-19 -1.3312636749E-02 7.2082340561E-02 9.1035532486E-19 5.3959723762E-19 1.3336867587E-18 6.5117597356E-19 -7.0841349942E-02 -3.7504918855E-04 2.6661636733E-19 4.7633028555E-19 3.7504918855E-04 -7.0841349942E-02
214.00 7.1531566673E-02 -1.4977016415E-02 -1.4065785793E-18 -4.3708071918E-19 -1.4977016415E-02 7.1531566673E-02 1.0027795327E-18 4.6106727294E-19 1.2258030506E-18 7.2657472470E-19 -6.9944831216E-02 -4.1784707495E-04 3.4094668408E-19 3.7359589967E-19 4.1784707495E-04 -6.9944831216E-02
216.00 7.0965484975E-02 -1.6726989647E-02 -1.5492579048E-18 -4.8997003756E-19 -1.6726989647E-02 7.0965484975E-02 1.0954829605E-18 3.9066194724E-19 1.3311890370E-18 7.5336680261E-19 -6.8964443806E-02 -4.6191517643E-04 4.0051749929E-19 2.7811141777E-19 4.6191517643E-04 -6.8964443806E-02
218.00 7.0387972754E-02 -1.8559065884E-02 -1.4859128566E-18 -5.9633309428E-19 -1.8559065884E-02 7.0387972754E-02 9.4390742489E-19 3.1760494572E-19 1.2863473621E-18 5.7359947172E-19 -6.7895292106E-02 -5.0704215556E-04 5.2180339816E-19 1.6197505934E-19 5.0704215556E-04 -6.7895292106E-02
220.00 6.9803293759E-02 -2.0469358629E-02 -1.6376722111E-18 -5.1169264173E-19 -2.0469358629E-02 6.9803293759E-02 1.1276131161E-18 3.9740083076E-19 1.3704863254E-18 6.7926598912E-19 -6.6732296198E-02 -5.5301094295E-04 4.0198523435E-19 2.5310421153E-19 5.5301094295E-04 -6.6732296198E-02
222.00 6.9216113942E-02 -2.2453564039E-02 -1.5727835204E-18 -5.2600384431E-19 -2.2453564039E-02 6.9216113942E-02 1.1880352564E-18 3.8671104284E-19 1.2590968989E-18 7.1864156554E-19 -6.5470209800E-02 -5.9959976246E-04 4.1194226714E-19 2.2185780882E-19 5.9959976246E-04 -6.5470209800E-02
224.00 6.8631515114E-02 -2.4506941218E-02 -1.5821780292E-18 -5.4815144480E-19 -2.4506941218E-02 6.8631515114E-02 1.2032180721E-18 3.2115836852E-19 1.2384956086E-18 6.8462096864E-19 -6.4103639749E-02 -6.4658319217E-04 4.5159782781E-19 1.2737819268E-19 6.4658319217E-04 -6.4103639749E-02
226.00 6.8055006139E-02 -2.6624294577E-02 -1.5816488481E-18 -6.0519062697E-19 -2.6624294577E-02 6.8055006139E-02 1.1943147518E-18 3.2975076373E-19 1.2165820084E-18 6.2647193524E-19 -6.2627067096E-02 -6.9373325590E-04 5.0398155988E-19 9.4109665035E-20 6.9373325590E-04 -6.2627067096E-02
228.00 6.7492531275E-02 -2.8799958662E-02 -1.5934843237E-18 -5.9970960819E-19 -2.8799958662E-02 6.7492531275E-02 1.3527246557E-18 3.3729830473E-19 1.1297327860E-18 7.4492677043E-19 -6.1034869901E-02 -7.4082053907E-04 4.9029043643E-19 8.0964330922E-20 7.4082053907E-04 -6.1034869901E-02
230.00 6.6950475252E-02 -3.1027785831E-02 -1.5738386358E-18 -3.5194943833E-19 -3.1027785831E-02 6.6950475252E-02 1.4922448583E-18 2.8805048758E-19 9.9882982522E-19 8.6268799593E-19 -5.9321347802E-02 -7.8761532290E-04 2.3328734362E-19 1.2955604086E-19 7.8761532290E-04 -5.9321347802E-02
232.00 6.6435664727E-02 -3.3301137185E-02 -1.5396603961E-18 -5.4925193186E-19 -3.3301137185E-02 6.6435664727E-02 1.4238284616E-18 3.0078196719E-19 9.6111634112E-19 7.5392151747E-19 -5.7480748425E-02 -8.3388873008E-04 4.4662034267E-19 1.8497485998E-20 8.3388873008E-04 -5.7480748425E-02
234.00 6.5955365693E-02 -3.5612877145E-02 -1.5785998731E-18 -4.3486073291E-19 -3.5612877145E-02 6.5955365693E-02 1.4335484072E-18 2.8288573204E-19 9.6105841191E-19 6.9130257031E-19 -5.5507295704E-02 -8.7941387557E-04 3.1999137258E-19 4.6178595883E-20 8.7941387557E-04 -5.5507295704E-02
236.00 6.5517276496E-02 -3.7955372059E-02 -1.6790895195E-18 -6.0984905409E-19 -3.7955372059E-02 6.5517276496E-02 1.6289320221E-18 2.8446358528E-19 9.1155440795E-19 8.0347711368E-19 -5.3395220163E-02 -9.2396701532E-04 5.3031866128E-19 -9.8363762012E-20 9.2396701532E-04 -5.3395220163E-02
238.00 6.5129516065E-02 -4.0320493220E-02 -1.7994972918E-18 -7.4745140805E-19 -4.0320493220E-02 6.5129516065E-02 1.7188833113E-18 1.5675519324E-19 9.5188077364E-19 7.6267949243E-19 -5.1138791192E-02 -9.6732868645E-04 8.1034219304E-19 -4.0411556128E-19 9.6732868645E-04 -5.1138791192E-02
240.00 6.4800607029E-02 -4.2699624669E-02 -1.7615350789E-18 -4.3617964493E-19 -4.2699624669E-02 6.4800607029E-02 1.6688603440E-18 2.4855247912E-19 8.8721073332E-19 6.7429589912E-19 -4.8732351355E-02 -1.0092848317E-03 3.4384057806E-19 -6.5642476405E-20 1.0092848317E-03 -4.8732351355E-02
242.00 6.4539453373E-02 -4.5083676121E-02 -1.7158836003E-18 -4.8416562602E-19 -4.5083676121E-02 6.4539453373E-02 1.7652569145E-18 3.7618651097E-19 6.8152987249E-19 7.9287188742E-19 -4.6170352722E-02 -1.0496279018E-03 2.9396702547E-19 3.5058970979E-20 1.0496279018E-03 -4.6170352722E-02
244.00 6.4355312363E-02 -4.7463101349E-02 -1.6487286936E-18 -5.6251650402E-19 -4.7463101349E-02 6.4355312363E-02 1.7712436855E-18 3.1838867857E-19 5.1901326960E-19 8.1840022617E-19 -4.3447395226E-02 -1.0881579290E-03 4.7239754408E-19 -1.6340044408E-19 1.0881579290E-03 -4.3447395226E-02
246.00 6.4257760442E-02 -4.9827922313E-02 -1.6490160090E-18 -6.3977340022E-19 -4.9827922313E-02 6.4257760442E-02 1.6888027341E-18 2.0091279168E-19 5.5864094058E-19 6.3626490935E-19 -4.0558266998E-02 -1.1246835652E-03 7.5129059706E-19 -4.8532571509E-19 1.1246835652E-03 -4.0558266998E-02
248.00 6.4256652920E-02 -5.2167759293E-02 -1.8633677710E-18 -5.0883342240E-19 -5.2167759293E-02 6.4256652920E-02 1.9100091127E-18 1.1730901460E-19 5.5721286407E-19 6.6435009446E-19 -3.7497986618E-02 -1.1590230798E-03 6.9151343710E-19 -5.2740996890E-19 1.1590230798E-03 -3.7497986618E-02
250.00 6.4362077256E-02 -5.4471867245E-02 -1.7793104000E-18 -4.4501019297E-19 -5.4471867245E-02 6.4362077256E-02 1.8812916364E-18 2.6326979737E-19 3.6555644972E-19 6.9695606224E-19 -3.4261847205E-02 -1.1910053092E-03 4.0469514711E-19 -2.3717412077E-19 1.1910053092E-03 -3.4261847205E-02
252.00 6.4584299832E-02 -5.6729178540E-02 -1.7765614471E-18 -4.5952847275E-19 -5.6729178540E-02 6.4584299832E-02 1.9475703612E-18 1.5523993819E-19 1.6442632078E-19 7.8866541503E-19 -3.0845462203E-02 -1.2204705550E-03 6.7014761769E-19 -5.5130161013E-19 1.2204705550E-03 -3.0845462203E-02
254.00 6.4933706188E-02 -5.8928352192E-02 -1.7855037312E-18 -3.9755813601E-19 -5.8928352192E-02 6.4933706188E-02 2.0002665351E-18 2.8431626860E-19 -5.5609255643E-20 8.9519714725E-19 -2.7244812741E-02 -1.2472714243E-03 3.3510943565E-19 -2.2324582241E-19 1.2472714243E-03 -2.7244812741E-02
256.00 6.5420734719E-02 -6.1057829607E-02 -1.8124549927E-18 -5.1787132637E-19 -6.1057829607E-02 6.5420734719E-02 1.9027734918E-18 3.6282454143E-19 1.2873223989E-19 5.6913388633E-19 -2.3456296345E-02 -1.2712736073E-03 4.9294183378E-19 -3.6695375484E-19 1.2712736073E-03 -2.3456296345E-02
258.00 6.6055803962E-02 -6.3105896843E-02 -1.8742487255E-18 -4.7949417088E-19 -6.3105896843E-02 6.6055803962E-02 1.9631553494E-18 3.7087038820E-19 2.3873389036E-20 5.6329166446E-19 -1.9476776816E-02 -1.2923565885E-03 4.2298639241E-19 -3.3315274808E-19 1.2923565885E-03 -1.9476776816E-02
260.00 6.6849233658E-02 -6.5060753233E-02 -1.8214450712E-18 -4.0879982602E-19 -6.5060753233E-02 6.6849233658E-02 1.9235146665E-18 2.7933279305E-19 -1.6860837329E-19 6.0991867172E-19 -1.5303634986E-02 -1.3104142875E-03 6.1261915878E-19 -5.6998795389E-19 1.3104142875E-03 -1.5303634986E-02
262.00 6.7811159883E-02 -6.6910586212E-02 -2.0001330930E-18 -3.1788097642E-19 -6.6910586212E-02 6.7811159883E-02 2.0657729749E-18 2.1422521198E-19 -1.5460374435E-19 4.8985163494E-19 -1.0934820068E-02 -1.3253556244E-03 6.7919253326E-19 -6.7600289266E-19 1.3253556244E-03 -1.0934820068E-02
264.00 6.8951444624E-02 -6.8643652020E-02 -1.9966413667E-18 -3.1654052848E-19 -6.8643652020E-02 6.8951444624E-02 2.0776211767E-18 2.9402923098E-19 -6.9166815813E-19 8.8618796583E-19 -6.3689012624E-03 -1.3371050092E-03 4.0313381521E-19 -4.1446458485E-19 1.3371050092E-03 -6.3689012624E-03
266.00 7.0279580303E-02 -7.0248361925E-02 -1.9993019384E-18 -3.3160909435E-19 -7.0248361925E-02 7.0279580303E-02 2.0213728498E-18 3.3606106832E-19 -6.3718496199E-19 6.8950253789E-19 -1.6051192441E-03 -1.3456027497E-03 3.4577260141E-19 -3.7664575557E-19 1.3456027497E-03 -1.6051192441E-03
268.00 7.1804589839E-02 -7.1713373456E-02 -2.1143071940E-18 -3.3189020193E-19 -7.1713373456E-02 7.1804589839E-02 2.0865271343E-18 3.5744019062E-19 -7.4618502287E-19 6.5442498754E-19 3.3565628829E-03 -1.3508053778E-03 2.3656679251E-19 -2.9222735393E-19 1.3508053778E-03 3.3565628829E-03
270.00 7.3534922943E-02 -7.3027686067E-02 -2.1358714031E-18 -3.0018444030E-19 -7.3027686067E-02 7.3534922943E-02 2.0862977439E-18 3.7909847247E-19 -6.4086124581E-19 4.0181908110E-19 8.5154096116E-03 -1.3526858904E-03 5.5707955358E-19 -6.3551457158E-19 1.3526858904E-03 8.5154096116E-03
272.00 7.5478349482E-02 -7.4180740530E-02 -2.2646057906E-18 -3.8877714816E-19 -7.4180740530E-02 7.5478349482E-02 2.1714076911E-18 5.0214692553E-19 -7.5864962143E-19 3.5557982339E-19 1.3869864520E-02 -1.3512339059E-03 4.9605821527E-19 -6.1867748298E-19 1.3512339059E-03 1.3869864520E-02
274.00 7.7641850802E-02 -7.5162521255E-02 -2.3514661010E-18 -2.2245475056E-19 -7.5162521255E-02 7.7641850802E-02 2.1309025740E-18 3.6942347290E-19 -1.1857963386E-18 6.2141803244E-19 1.9417503739E-02 -1.3464557324E-03 4.5826584728E-19 -5.7297531782E-19 1.3464557324E-03 1.9417503739E-02
276.00 8.0031510064E-02 -7.5963660640E-02 -2.2706987078E-18 -2.7260601337E-19 -7.5963660640E-02 8.0031510064E-02 2.0425303830E-18 3.9692829361E-19 -1.0708243378E-18 3.8103916706E-19 2.5154991936E-02 -1.3383743494E-03 2.7437462446E-19 -4.1934606921E-19 1.3383743494E-03 2.5154991936E-02
278.00 8.2652402688E-02 -7.6575544445E-02 -2.4426518897E-18 -2.8616581621E-19 -7.6575544445E-02 8.2652402688E-02 2.0823988862E-18 5.0616449075E-19 -1.3835142680E-18 5.0692022612E-19 3.1078041386E-02 -1.3270293023E-03 4.2703994895E-19 -6.1939907684E-19 1.3270293023E-03 3.1078041386E-02
280.00 8.5508488131E-02 -7.6990417085E-02 -2.3604935488E-18 -1.0879816727E-19 -7.6990417085E-02 8.5508488131E-02 2.0373612619E-18 5.7374523761E-19 -1.2414361545E-18 2.4067577885E-19 3.7181374706E-02 -1.3124765092E-03 8.9400574406E-19 -1.0856992400E-18 1.3124765092E-03 3.7181374706E-02
282.00 8.8602504285E-02 -7.7201485689E-02 -2.1755883651E-18 -6.1435477396E-20 -7.7201485689E-02 8.8602504285E-02 1.9616004653E-18 3.4025545174E-19 -9.6430318505E-19 -1.1695372521E-19 4.3458691848E-02 -1.2947879817E-03 4.5045813005E-19 -5.8805279642E-19 1.2947879817E-03 4.3458691848E-02
284.00 9.1935865856E-02 -7.7203021638E-02 -2.5537501851E-18 -1.7891804515E-19 -7.7203021638E-02 9.1935865856E-02 1.9720458998E-18 5.0800416359E-19 -1.6644517309E-18 3.3433770067E-19 4.9902641950E-02 -1.2740514617E-03 4.1380321899E-19 -6.5056326123E-19 1.2740514617E-03 4.9902641950E-02
286.00 9.5508568137E-02 -7.6990458298E-02 -2.5325557516E-18 -6.6958638231E-21 -7.6990458298E-02 9.5508568137E-02 1.9657926620E-18 3.7439575025E-19 -1.6124750693E-18 1.4173184263E-19 5.6504800624E-02 -1.2503699732E-03 4.6313228844E-19 -6.2057146951E-19 1.2503699732E-03 5.6504800624E-02
288.00 9.9319097620E-02 -7.6560483561E-02 -2.4462224709E-18 -4.0388759873E-20 -7.6560483561E-02 9.9319097620E-02 1.8704826746E-18 6.2204651145E-19 -1.5897033182E-18 4.1796089274E-20 6.3255653284E-02 -1.2238612949E-03 6.5871156181E-19 -9.2699639555E-19 1.2238612949E-03 6.3255653284E-02
290.00 1.0336435092E-01 -7.5911125827E-02 -2.5154384124E-18 -7.6159526655E-20 -7.5911125827E-02 1.0336435092E-01 1.8448714126E-18 6.3357211629E-19 -1.7194550332E-18 1.8139032025E-20 7.0144585040E-02 -1.1946573536E-03 5.4414511084E-19 -8.5089597705E-19 1.1946573536E-03 7.0144585040E-02
292.00 1.0763956347E-01 -7.5041832003E-02 -2.7268324412E-18 4.8590260873E-20 -7.5041832003E-02 1.0763956347E-01 1.8308147016E-18 5.8468456276E-19 -2.0325568105E-18 1.1093764766E-19 7.7159877713E-02 -1.1629035418E-03 6.0578592235E-19 -8.6123106311E-19 1.1629035418E-03 7.7159877713E-02
294.00 1.1213824942E-01 -7.3953536145E-02 -2.6630808262E-18 2.5657819191E-21 -7.3953536145E-02 1.1213824942E-01 1.8040042503E-18 6.2128877930E-19 -1.9671689480E-18 -5.2406868912E-20 8.4288714433E-02 -1.1287579643E-03 5.2217864714E-19 -8.2951958496E-19 1.1287579643E-03 8.4288714433E-02
296.00 1.1685215417E-01 -7.2648717379E-02 -2.6099562072E-18 -1.2348677086E-19 -7.2648717379E-02 1.1685215417E-01 1.7606880254E-18 7.6131528439E-19 -1.9398533602E-18 -1.6579679234E-19 9.1517192265E-02 -1.0923906164E-03 4.2352486105E-19 -8.7602436595E-19 1.0923906164E-03 9.1517192265E-02
298.00 1.2177122075E-01 -7.1131445796E-02 -2.8503286066E-18 -8.8105578898E-20 -7.1131445796E-02 1.2177122075E-01 1.5329822294E-18 5.1788568912E-19 -2.4111632652E-18 1.6876082493E-19 9.8830343226E-02 -1.0539824983E-03 2.3846836180E-19 -5.7288705633E-19 1.0539824983E-03 9.8830343226E-02
300.00 1.2688357141E-01 -6.9407415103E-02 -2.7971523208E-18 1.2057273669E-19 -6.9407415103E-02 1.2688357141E-01 1.6124709063E-18 4.5432102145E-19 -2.2918283104E-18 -9.2475242642E-20 1.0621216401E-01 -1.0137246715E-03 4.1905430215E-19 -6.2241703483E-19 1.0137246715E-03 1.0621216401E-01
302.00 1.3217550539E-01 -6.7483960913E-02 -3.0084208189E-18 1.3439195347E-19 -6.7483960913E-02 1.3217550539E-01 1.6721511582E-18 6.0900932105E-19 -2.5102468045E-18 -1.5161258472E-19 1.1364565463E-01 -9.7181726094E-04 4.9647463070E-19 -7.8940770900E-19 9.7181726094E-04 1.1364565463E-01
304.00 1.3763151390E-01 -6.5370063683E-02 -2.8794490841E-18 8.4682981593E-20 -6.5370063683E-02 1.3763151390E-01 1.4526092235E-18 5.8927107976E-19 -2.4911696964E-18 -9.1073801155E-20 1.2111286612E-01 -9.2846840955E-04 3.9519139574E-19 -7.1604747400E-19 9.2846840955E-04 1.2111286612E-01
306.00 1.4323431298E-01 -6.3076335474E-02 -3.1364318565E-18 -1.2654632068E-19 -6.3076335474E-02 1.4323431298E-01 1.2087962520E-18 6.5146135667E-19 -2.9016569501E-18 1.9657724775E-19 1.2859495733E-01 -8.8389319120E-04 1.5864747252E-19 -6.6220161472E-19 8.8389319120E-04 1.2859495733E-01
308.00 1.4896489494E-01 -6.0614989859E-02 -3.0964410073E-18 1.4502860057E-19 -6.0614989859E-02 1.4896489494E-01 1.4337718374E-18 6.9890151011E-19 -2.7539251017E-18 -1.8515459925E-19 1.3607226080E-01 -8.3831248815E-04 4.5313738469E-19 -8.3086673156E-19 8.3831248815E-04 1.3607226080E-01
310.00 1.5480259869E-01 -5.7999794525E-02 -3.1636905908E-18 3.0680981927E-19 -5.7999794525E-02 1.5480259869E-01 1.1424652719E-18 7.5493284820E-19 -2.9540319877E-18 5.1417254396E-20 1.4352435754E-01 -7.9195184016E-04 6.1969590287E-19 -9.3795753924E-19 7.9195184016E-04 1.4352435754E-01
312.00 1.6072519906E-01 -5.5246006320E-02 -2.9653609084E-18 1.0252330606E-19 -5.5246006320E-02 1.6072519906E-01 1.1416555534E-18 4.6170781672E-19 -2.7412247112E-18 -1.2769962189E-19 1.5093016039E-01 -7.4504027224E-04 2.6464736291E-19 -5.2982932716E-19 7.4504027224E-04 1.5093016039E-01
314.00 1.6670901504E-01 -5.2370288715E-02 -3.1813371215E-18 2.2701552771E-19 -5.2370288715E-02 1.6670901504E-01 1.0451100923E-18 6.5393883305E-19 -3.0071363137E-18 -4.4788031346E-20 1.5826800567E-01 -6.9780910855E-04 4.4225042899E-19 -7.6413183112E-19 6.9780910855E-04 1.5826800567E-01
316.00 1.7272903655E-01 -4.9390611898E-02 -3.1543762898E-18 1.3490372915E-19 -4.9390611898E-02 1.7272903655E-01 8.9347846818E-19 6.5768221215E-19 -3.0265060821E-18 1.1718020274E-20 1.6551575268E-01 -6.5049077998E-04 3.2514369709E-19 -7.2655422930E-19 6.5049077998E-04 1.6551575268E-01
318.00 1.7875906918E-01 -4.6326135980E-02 -3.1725856844E-18 6.4099889444E-20 -4.6326135980E-02 1.7875906918E-01 1.0814513920E-18 6.0516318743E-19 -2.9954128256E-18 -2.6618251282E-19 1.7265089037E-01 -6.0331763312E-04 2.1827934525E-19 -6.4470273303E-19 6.0331763312E-04 1.7265089037E-01
320.00 1.8477189582E-01 -4.3197078017E-02 -3.3148894579E-18 1.6660998267E-20 -4.3197078017E-02 1.8477189582E-01 9.2029051198E-19 5.7692507492E-19 -3.1885539410E-18 -1.4760634927E-19 1.7965065049E-01 -5.5652074842E-04 1.4598035248E-19 -5.9783469743E-19 5.5652074842E-04 1.7965065049E-01
322.00 1.9073945433E-01 -4.0024563821E-02 -3.0523420180E-18 7.3292721035E-20 -4.0024563821E-02 1.9073945433E-01 7.2416624729E-19 5.9763802895E-19 -2.9669734127E-18 -8.3855198965E-20 1.8649212663E-01 -5.1032877509E-04 1.9510680584E-19 -6.2720853988E-19 5.1032877509E-04 1.8649212663E-01
324.00 1.9663302947E-01 -3.6830465785E-02 -3.3332385535E-18 1.5120964845E-19 -3.6830465785E-02 1.9663302947E-01 5.6805216352E-19 8.9713181677E-19 -3.2857505885E-18 5.9563866548E-20 1.9315239805E-01 -4.6496679014E-04 3.1709069965E-19 -9.4198764997E-19 4.6496679014E-04 1.9315239805E-01
326.00 2.0242345775E-01 -3.3637228164E-02 -3.1878638140E-18 -5.7314642483E-20 -3.3637228164E-02 2.0242345775E-01 4.5047126007E-19 4.7159887710E-19 -3.1569371848E-18 8.1369192990E-20 1.9960865757E-01 -4.2065518879E-04 1.4696100600E-20 -4.6841926814E-19 4.2065518879E-04 1.9960865757E-01
328.00 2.0808134315E-01 -3.0467681492E-02 -3.3812148257E-18 1.8004842265E-19 -3.0467681492E-02 2.0808134315E-01 7.6266146236E-19 8.6847067054E-19 -3.3057309351E-18 -2.6883271259E-19 2.0583834231E-01 -3.7760861273E-04 3.0449493626E-19 -9.0507780556E-19 3.7760861273E-04 2.0583834231E-01
330.00 2.1357728166E-01 -2.7344848019E-02 -3.0643148527E-18 1.0479837789E-19 -2.7344848019E-02 2.1357728166E-01 2.6348228930E-19 8.3737924339E-19 -3.0560645840E-18 1.3127981035E-19 2.1181926638E-01 -3.3603492251E-04 2.0892158276E-19 -8.5764985756E-19 3.3603492251E-04 2.1181926638E-01
332.00 2.1888209237E-01 -2.4291740209E-02 -3.3030908507E-18 2.7181217331E-19 -2.4291740209E-02 2.1888209237E-01 3.1628446008E-19 7.8595906319E-19 -3.2887914469E-18 5.1726186364E-20 2.1752975434E-01 -2.9613421934E-04 3.5679352074E-19 -8.2112829860E-19 2.9613421934E-04 2.1752975434E-01
334.00 2.2396705273E-01 -2.1331154538E-02 -3.2083062907E-18 3.6997558750E-19 -2.1331154538E-02 2.2396705273E-01 2.3272542318E-19 7.5497044103E-19 -3.2012026867E-18 7.4092851979E-20 2.2294877425E-01 -2.5809792111E-04 4.4019308756E-19 -7.9373115368E-19 2.5809792111E-04 2.2294877425E-01
336.00 2.2880413534E-01 -1.8485462904E-02 -3.3285534399E-18 1.4430300054E-19 -1.8485462904E-02 2.2880413534E-01 1.2370371029E-19 8.0102894406E-19 -3.3296457802E-18 1.4648588606E-19 2.2805606915E-01 -2.2210789648E-04 2.0646226890E-19 -8.1521052129E-19 2.2210789648E-04 2.2805606915E-01
338.00 2.3336624378E-01 -1.5776404087E-02 -3.4242324721E-18 1.6515356433E-19 -1.5776404087E-02 2.3336624378E-01 2.0433339398E-19 9.1308076239E-19 -3.4184216667E-18 2.7968723827E-20 2.3283228586E-01 -1.8833566009E-04 2.2463631764E-19 -9.2634270564E-19 1.8833566009E-04 2.3283228586E-01
340.00 2.3762744471E-01 -1.3224877745E-02 -3.2401116136E-18 -4.4678498037E-20 -1.3224877745E-02 2.3762744471E-01 2.2614026590E-19 5.6258976518E-19 -3.2325265062E-18 -4.5515678246E-20 2.3725909984E-01 -1.5694163103E-04 -1.5527220837E-20 -5.6100290375E-19 1.5694163103E-04 2.3725909984E-01
342.00 2.4156319353E-01 -1.0850743432E-02 -3.2423931033E-18 2.6578651587E-19 -1.0850743432E-02 2.4156319353E-01 -1.1246713882E-20 8.3770495275E-19 -3.2463355925E-18 1.5750119948E-19 2.4131933497E-01 -1.2807445603E-04 3.0199896095E-19 -8.5041877417E-19 1.2807445603E-04 2.4131933497E-01
344.00 2.4515055108E-01 -8.6726271310E-03 -3.2189791167E-18 2.1464651873E-19 -8.6726271310E-03 2.4515055108E-01 -1.0005440400E-19 9.1721345758E-19 -3.2246396513E-18 2.1445014315E-19 2.4499707724E-01 -1.0187039765E-04 2.4590851461E-19 -9.2529711064E-19 1.0187039765E-04 2.4499707724E-01
346.00 2.4836838868E-01 -6.7077377171E-03 -2.9592669561E-18 2.8505198453E-19 -6.7077377171E-03 2.4836838868E-01 -1.8443823091E-19 9.6414493066E-19 -2.9654279447E-18 2.6476343387E-19 2.4827778112E-01 -7.8452787631E-05 3.1026734236E-19 -9.7211439670E-19 7.8452787631E-05 2.4827778112E-01
348.00 2.5119757903E-01 -4.9716956821E-03 -2.8483801976E-18 4.3018223495E-19 -4.9716956821E-03 2.5119757903E-01 2.8230933045E-20 9.4904225200E-19 -2.8484828990E-18 2.8370563473E-20 2.5114836769E-01 -5.7931544255E-05 4.4839657629E-19 -9.5773749165E-19 5.7931544255E-05 2.5114836769E-01
350.00 2.5362117070E-01 -3.4783763097E-03 -2.6903024853E-18 2.5658819795E-19 -3.4783763097E-03 2.5362117070E-01 1.3430744959E-20 8.9413848033E-19 -2.6904141249E-18 2.3611583973E-20 2.5359731366E-01 -4.0402752722E-05 2.6844783228E-19 -8.9773823392E-19 4.0402752722E-05 2.5359731366E-01
352.00 2.5562454410E-01 -2.2397693343E-03 -2.7102194698E-18 3.3910224696E-19 -2.2397693343E-03 2.5562454410E-01 4.7377051212E-20 7.5446380553E-19 -2.7099434605E-18 -2.3554259497E-20 2.5561473023E-01 -2.5948306694E-05 3.4545099830E-19 -7.5746647373E-19 2.5948306694E-05 2.5561473023E-01
354.00 2.5719554682E-01 -1.2658569082E-03 -2.4852966718E-18 2.7649749074E-20 -1.2658569082E-03 2.5719554682E-01 2.7596711310E-19 8.5313911971E-19 -2.4839703197E-18 -2.6368969605E-19 2.5719243126E-01 -1.4635609290E-05 3.1707736972E-20 -8.5330054706E-19 1.4635609290E-05 2.5719243126E-01
356.00 2.5832460681E-01 -5.6451147881E-04 -2.6938397961E-18 6.6074363630E-20 -5.6451147881E-04 2.5832460681E-01 4.4455759354E-19 7.6367774412E-19 -2.6928764516E-18 -4.3865257709E-19 2.5832398992E-01 -6.5173316202E-06 6.7675435387E-20 -7.6383502601E-19 6.5173316202E-06 2.5832398992E-01
358.00 2.5900482196E-01 -1.4141492203E-04 -2.6162359287E-18 7.2314487846E-20 -1.4141492203E-04 2.5900482196E-01 2.1719332490E-19 8.8739479121E-19 -2.6161181909E-18 -2.1575932040E-19 2.5900478335E-01 -1.6312270979E-06 7.2782533929E-20 -8.8743576560E-19 1.6312270979E-06 2.5900478335E-01
