x y z |F|^2 Fx Fy Fz
-0.07093333333 -0.07093333333 -0.1418666667 7.589229155e-09 -2.109536045e-05 8.294972139e-05 -1.623448933e-05
0 -0.07093333333 -0.1418666667 7.791151826e-09 -2.163904482e-21 8.746670828e-05 -1.186283143e-05
0.07093333333 -0.07093333333 -0.1418666667 7.589229155e-09 2.109536045e-05 8.294972139e-05 -1.623448933e-05
-0.07093333333 0 -0.1418666667 3.498438261e-10 -1.272371848e-05 -2.607273291e-21 -1.370951546e-05
0 0 -0.1418666667 9.975473997e-11 6.048344639e-21 -9.264422861e-22 -9.98772947e-06
0.07093333333 0 -0.1418666667 3.498438261e-10 1.272371848e-05 3.454306238e-21 -1.370951546e-05
-0.07093333333 0.07093333333 -0.1418666667 7.589229155e-09 -2.109536045e-05 -8.294972139e-05 -1.623448933e-05
0 0.07093333333 -0.1418666667 7.791151826e-09 7.199780052e-21 -8.746670828e-05 -1.186283143e-05
0.07093333333 0.07093333333 -0.1418666667 7.589229155e-09 2.109536045e-05 -8.294972139e-05 -1.623448933e-05
-0.07093333333 -0.1418666667 -0.07093333333 1.081401495e-08 -4.695666089e-05 8.871235722e-05 -2.718831773e-05
0 -0.1418666667 -0.07093333333 1.058822576e-08 -7.73744745e-21 9.910837147e-05 -2.76723051e-05
0.07093333333 -0.1418666667 -0.07093333333 1.081401495e-08 4.695666089e-05 8.871235722e-05 -2.718831773e-05
-0.1418666667 -0.07093333333 -0.07093333333 7.035497616e-09 -2.006693301e-05 8.05267099e-05 -1.217640375e-05
-0.07093333333 -0.07093333333 -0.07093333333 8.075438976e-10 1.49353638e-05 1.270995392e-05 2.056540487e-05
0 -0.07093333333 -0.07093333333 1.054097694e-09 2.501394172e-21 1.963824842e-05 2.585414654e-05
0.07093333333 -0.07093333333 -0.07093333333 8.075438976e-10 -1.49353638e-05 1.270995392e-05 2.056540487e-05
0.1418666667 -0.07093333333 -0.07093333333 7.035497616e-09 2.006693301e-05 8.05267099e-05 -1.217640375e-05
-0.1418666667 0 -0.07093333333 5.229857597e-11 -4.771730112e-06 -2.469630437e-20 -5.434074687e-06
-0.07093333333 0 -0.07093333333 3.779424751e-10 9.576902187e-06 -3.385484811e-20 1.691819788e-05
0 0 -0.07093333333 4.168332784e-10 -1.618957895e-20 1.688771939e-20 2.041649525e-05
0.07093333333 0 -0.07093333333 3.779424751e-10 -9.576902187e-06 -3.33519223e-20 1.691819788e-05
0.1418666667 0 -0.07093333333 5.229857597e-11 4.771730112e-06 9.171778632e-21 -5.434074687e-06
-0.1418666667 0.07093333333 -0.07093333333 7.035497616e-09 -2.006693301e-05 -8.05267099e-05 -1.217640375e-05
-0.07093333333 0.07093333333 -0.07093333333 8.075438976e-10 1.49353638e-05 -1.270995392e-05 2.056540487e-05
0 0.07093333333 -0.07093333333 1.054097694e-09 8.576208591e-21 -1.963824842e-05 2.585414654e-05
0.07093333333 0.07093333333 -0.07093333333 8.075438976e-10 -1.49353638e-05 -1.270995392e-05 2.056540487e-05
0.1418666667 0.07093333333 -0.07093333333 7.035497616e-09 2.006693301e-05 -8.05267099e-05 -1.217640375e-05
-0.07093333333 0.1418666667 -0.07093333333 1.081401495e-08 -4.695666089e-05 -8.871235722e-05 -2.718831773e-05
0 0.1418666667 -0.07093333333 1.058822576e-08 1.097503237e-20 -9.910837147e-05 -2.76723051e-05
0.07093333333 0.1418666667 -0.07093333333 1.081401495e-08 4.695666089e-05 -8.871235722e-05 -2.718831773e-05
-0.07093333333 -0.1418666667 0 1.533607082e-08 -5.524472928e-05 0.0001103065576 1.079602068e-05
0 -0.1418666667 0 1.558429233e-08 -4.499862532e-22 0.0001244332938 1.003233376e-05
0.07093333333 -0.1418666667 0 1.533607082e-08 5.524472928e-05 0.0001103065576 1.079602068e-05
-0.1418666667 -0.07093333333 0 9.992418647e-09 -1.741691543e-05 9.798655522e-05 9.365078743e-06
-0.07093333333 -0.07093333333 0 1.614720435e-09 2.386455595e-05 2.742158582e-05 1.712483681e-05
0 -0.07093333333 0 1.853599163e-09 4.182225177e-21 3.848051966e-05 1.930929232e-05
0.07093333333 -0.07093333333 0 1.614720435e-09 -2.386455595e-05 2.742158582e-05 1.712483681e-05
0.1418666667 -0.07093333333 0 9.992418647e-09 1.741691543e-05 9.798655522e-05 9.365078743e-06
-0.1418666667 0 0 1.80307806e-10 2.555539477e-06 2.538451864e-20 1.318245137e-05
-0.07093333333 0 0 5.816270097e-10 1.538901086e-05 2.106994456e-20 1.85689352e-05
0 0 0 4.21539021e-10 2.133464236e-20 -1.821120837e-20 2.053141547e-05
0.07093333333 0 0 5.816270097e-10 -1.538901086e-05 -2.879912021e-20 1.85689352e-05
0.1418666667 0 0 1.80307806e-10 -2.555539477e-06 -4.383395502e-20 1.318245137e-05
-0.1418666667 0.07093333333 0 9.992418647e-09 -1.741691543e-05 -9.798655522e-05 9.365078743e-06
-0.07093333333 0.07093333333 0 1.614720435e-09 2.386455595e-05 -2.742158582e-05 1.712483681e-05
0 0.07093333333 0 1.853599163e-09 -1.863472484e-20 -3.848051966e-05 1.930929232e-05
0.07093333333 0.07093333333 0 1.614720435e-09 -2.386455595e-05 -2.742158582e-05 1.712483681e-05
0.1418666667 0.07093333333 0 9.992418647e-09 1.741691543e-05 -9.798655522e-05 9.365078743e-06
-0.07093333333 0.1418666667 0 1.533607082e-08 -5.524472928e-05 -0.0001103065576 1.079602068e-05
0 0.1418666667 0 1.558429233e-08 2.030232095e-20 -0.0001244332938 1.003233376e-05
0.07093333333 0.1418666667 0 1.533607082e-08 5.524472928e-05 -0.0001103065576 1.079602068e-05
-0.07093333333 -0.1418666667 0.07093333333 2.91170526e-08 -6.106631787e-05 0.0001396097734 7.679237336e-05
0 -0.1418666667 0.07093333333 3.149206751e-08 -2.668153784e-20 0.0001589440044 7.892319664e-05
0.07093333333 -0.1418666667 0.07093333333 2.91170526e-08 6.106631787e-05 0.0001396097734 7.679237336e-05
-0.1418666667 -0.07093333333 0.07093333333 1.557683561e-08 -2.230960176e-05 0.0001162728799 3.94934766e-05
-0.07093333333 -0.07093333333 0.07093333333 1.202392448e-09 2.363821617e-05 2.533891719e-05 -1.251582865e-06
0 -0.07093333333 0.07093333333 1.245296095e-09 3.388131789e-21 3.474889703e-05 -6.149003991e-06
0.07093333333 -0.07093333333 0.07093333333 1.202392448e-09 -2.363821617e-05 2.533891719e-05 -1.251582865e-06
0.1418666667 -0.07093333333 0.07093333333 1.557683561e-08 2.230960176e-05 0.0001162728799 3.94934766e-05
-0.1418666667 0 0.07093333333 1.024421587e-09 3.152258483e-07 1.429368098e-21 3.200503428e-05
-0.07093333333 0 0.07093333333 3.307536309e-10 1.646491871e-05 6.564505341e-21 7.723993957e-06
0 0 0.07093333333 4.109423208e-11 6.776263578e-21 1.43995601e-20 6.410478304e-06
0.07093333333 0 0.07093333333 3.307536309e-10 -1.646491871e-05 -2.24463731e-20 7.723993957e-06
0.1418666667 0 0.07093333333 1.024421587e-09 -3.152258483e-07 1.694065895e-21 3.200503428e-05
-0.1418666667 0.07093333333 0.07093333333 1.557683561e-08 -2.230960176e-05 -0.0001162728799 3.94934766e-05
-0.07093333333 0.07093333333 0.07093333333 1.202392448e-09 2.363821617e-05 -2.533891719e-05 -1.251582865e-06
0 0.07093333333 0.07093333333 1.245296095e-09 -2.202285663e-20 -3.474889703e-05 -6.149003991e-06
0.07093333333 0.07093333333 0.07093333333 1.202392448e-09 -2.363821617e-05 -2.533891719e-05 -1.251582865e-06
0.1418666667 0.07093333333 0.07093333333 1.557683561e-08 2.230960176e-05 -0.0001162728799 3.94934766e-05
-0.07093333333 0.1418666667 0.07093333333 2.91170526e-08 -6.106631787e-05 -0.0001396097734 7.679237336e-05
0 0.1418666667 0.07093333333 3.149206751e-08 4.235164736e-22 -0.0001589440044 7.892319664e-05
0.07093333333 0.1418666667 0.07093333333 2.91170526e-08 6.106631787e-05 -0.0001396097734 7.679237336e-05
-0.07093333333 -0.07093333333 0.1418666667 2.477190153e-08 -3.107953555e-05 0.0001488546447 4.059875309e-05
0 -0.07093333333 0.1418666667 2.805814668e-08 0 0.0001637736307 3.516169177e-05
0.07093333333 -0.07093333333 0.1418666667 2.477190153e-08 3.107953555e-05 0.0001488546447 4.059875309e-05
-0.07093333333 0 0.1418666667 9.428746175e-10 -1.393556589e-05 -7.199780052e-21 2.736191917e-05
0 0 0.1418666667 5.442882519e-10 0 -1.270549421e-20 2.332998611e-05
0.07093333333 0 0.1418666667 9.428746175e-10 1.393556589e-05 0 2.736191917e-05
-0.07093333333 0.07093333333 0.1418666667 2.477190153e-08 -3.107953555e-05 -0.0001488546447 4.059875309e-05
0 0.07093333333 0.1418666667 2.805814668e-08 0 -0.0001637736307 3.516169177e-05
0.07093333333 0.07093333333 0.1418666667 2.477190153e-08 3.107953555e-05 -0.0001488546447 4.059875309e-05
